P1	5.41,3.75,1.55,9.12,9.61,3.6,4.9,1.05,4.76,7.81
P2	1.48,9.52,5.76,9.85,3.63,9.61,5.7,0.03,0.01,6.6
P3	9.03,4.53,7.69,7.64,7.56,2.25,0.31,0.42,2.47,2.98
P4	8.07,7.77,2.43,9.1,2.75,7.41,9.24,7.64,8.15,8.26
P5	7.47,1.48,2.22,8.27,3.89,6.0,2.13,3.62,5.88,2.87
P6	7.84,6.16,5.3,3.21,2.76,4.05,5.81,0.48,2.28,0.23
P7	7.09,7.91,2.37,5.13,9.11,5.77,0.85,2.42,3.16,1.8
P8	3.04,1.68,3.96,1.54,2.52,7.48,9.17,6.55,4.67,2.2
P9	8.28,5.05,7.83,9.12,2.72,3.68,2.11,2.95,3.18,9.23
P10	1.08,7.35,7.92,5.79,4.88,2.96,8.11,6.69,6.67,4.68
P11	2.27,0.01,5.74,4.1,2.09,3.41,2.02,1.59,6.35,6.9
P12	6.59,2.46,7.64,1.82,1.8,3.65,9.39,0.71,3.02,0.14
P13	6.83,5.28,1.1,5.77,6.2,9.25,0.95,8.8,1.08,8.57
P14	7.14,1.1,3.36,4.2,1.61,8.98,8.96,1.38,2.23,4.83
P15	5.41,5.25,3.53,1.57,8.93,4.5,2.44,5.61,3.85,3.79
P16	2.5,0.46,5.99,0.63,9.87,9.72,4.51,4.53,3.32,7.71
P17	4.27,4.5,7.91,5.81,1.29,5.89,9.4,5.29,9.64,9.34
P18	2.21,0.21,6.92,2.39,8.75,9.77,9.22,9.21,2.15,5.7
P19	3.46,4.98,7.69,8.88,6.86,9.33,0.1,8.82,8.32,7.52
P20	5.74,1.51,6.64,8.97,8.47,3.46,3.66,0.3,7.9,4.95
P21	8.38,3.92,6.9,0.9,9.77,3.92,2.95,5.92,2.01,8.2
P22	4.44,9.01,5.31,9.31,8.84,4.21,0.14,7.0,4.12,5.8
P23	0.01,2.2,8.96,0.59,0.46,5.42,9.83,5.08,7.92,2.95
P24	5.19,2.69,2.3,0.16,7.83,4.24,1.47,4.97,6.6,5.49
P25	4.09,3.63,7.82,7.07,9.62,7.58,4.75,5.2,0.98,2.68
P26	0.94,6.72,5.42,1.65,9.34,8.14,4.38,6.32,4.58,6.39
P27	1.05,8.78,0.25,8.45,7.68,9.71,6.34,8.17,0.93,7.44
P28	4.73,1.11,4.88,3.89,2.14,2.51,5.71,1.79,0.68,9.21
P29	1.43,3.29,5.73,3.65,2.86,1.56,9.91,6.95,9.04,5.67
P30	9.57,8.64,1.75,3.8,7.23,2.27,8.61,1.5,9.41,0.2
P31	3.74,9.77,4.24,5.53,8.27,2.37,7.51,6.04,0.29,2.94
P32	8.81,3.32,5.46,0.54,1.81,9.89,4.65,6.16,3.93,8.66
P33	5.17,4.09,1.01,1.94,5.05,9.11,2.09,1.69,8.28,4.88
P34	7.86,8.87,9.98,9.14,3.77,7.21,6.97,8.79,5.65,6.12
P35	8.5,1.43,1.18,8.0,6.36,0.36,5.18,7.69,1.18,6.75
P36	0.94,5.52,4.17,6.34,2.09,1.09,9.49,7.61,1.8,1.65
P37	2.61,5.33,7.1,7.66,4.45,6.2,5.92,8.26,9.36,2.98
P38	3.78,0.97,7.23,9.91,5.1,3.24,6.79,4.82,1.48,8.42
P39	7.39,2.67,5.36,4.66,1.23,1.39,3.14,3.9,6.79,3.04
P40	6.02,6.86,6.57,2.64,0.39,1.52,9.52,2.35,2.15,5.04
P41	8.83,1.18,0.97,3.19,1.03,8.64,1.16,7.21,1.18,6.57
P42	5.55,5.3,1.86,4.79,7.49,4.88,0.92,4.96,4.21,2.04
P43	3.97,1.65,1.33,6.7,2.83,1.53,4.63,5.75,0.35,9.44
P44	0.05,1.12,5.63,4.86,7.05,6.86,0.59,3.35,3.58,7.36
P45	0.75,5.73,3.38,8.6,8.3,1.5,7.17,5.91,5.24,4.58
P46	0.26,4.34,8.07,6.25,7.86,2.63,3.01,4.88,8.54,7.51
P47	2.71,2.01,3.18,2.79,1.2,1.97,3.98,7.04,3.56,5.61
P48	3.22,4.11,0.96,9.35,6.62,3.35,9.61,7.19,9.75,0.15
P49	4.3,7.09,8.71,2.66,3.25,2.86,8.54,8.07,1.4,9.39
P50	3.47,9.74,3.26,2.05,3.35,7.14,5.05,0.79,9.71,1.94
P51	8.02,5.67,2.96,6.97,1.47,3.31,9.63,9.54,4.4,3.24
P52	4.72,6.96,9.33,8.78,9.64,0.18,0.46,9.82,0.73,0.78
P53	1.18,3.73,6.63,7.64,2.33,6.19,5.47,2.5,4.08,6.22
P54	4.58,7.44,8.36,7.85,5.72,3.19,8.65,6.75,8.92,4.79
P55	6.04,1.48,6.72,9.43,8.34,7.84,8.36,2.27,9.64,9.4
P56	0.46,7.77,3.11,9.24,6.83,7.6,9.19,5.49,4.84,1.54
P57	4.4,8.53,0.18,4.2,3.7,8.39,4.81,8.9,0.5,9.01
P58	5.17,9.64,4.15,0.25,9.18,3.64,4.18,9.48,0.58,9.77
P59	4.31,1.89,9.09,2.69,6.82,3.1,2.77,8.7,9.85,7.65
P60	6.98,6.7,5.76,4.74,0.72,7.23,8.79,5.8,6.92,2.74
P61	4.16,9.01,7.77,5.17,8.69,2.8,0.28,0.44,5.16,3.44
P62	0.0,4.88,8.79,2.23,2.51,5.73,4.46,3.98,3.75,6.59
P63	7.34,1.73,9.93,8.29,8.29,2.35,6.94,7.98,7.41,3.73
P64	7.57,2.01,5.87,7.24,1.75,3.25,6.47,8.32,1.63,9.7
P65	8.11,4.07,8.47,9.42,7.82,9.13,2.82,5.98,6.94,0.27
P66	2.95,0.02,4.48,5.44,9.09,4.93,1.93,5.66,2.45,8.89
P67	8.31,6.33,9.0,1.35,3.41,0.11,7.36,9.24,0.15,5.43
P68	9.24,7.08,4.01,2.84,8.59,5.74,8.75,6.66,2.53,6.36
P69	2.7,0.66,3.16,9.76,9.19,4.79,4.5,6.64,8.23,4.6
P70	2.63,0.5,3.58,6.13,0.66,3.81,1.13,6.94,2.01,7.17
P71	9.82,8.14,7.14,3.31,6.07,3.42,8.87,9.98,6.16,8.38
P72	1.26,0.99,8.85,7.43,5.06,0.06,2.24,6.42,0.68,0.3
P73	4.71,5.96,6.0,1.04,9.59,4.37,2.12,4.54,7.37,9.35
P74	4.83,7.49,7.03,4.37,3.41,5.94,0.35,9.23,1.3,7.95
P75	9.04,3.92,4.89,5.11,4.94,2.02,7.93,2.59,7.57,2.28
P76	8.93,7.71,1.71,7.28,8.09,8.46,0.38,3.87,8.52,6.95
P77	4.46,3.16,3.59,7.24,1.3,6.92,8.78,3.63,8.79,3.45
P78	1.55,3.42,0.44,8.14,7.31,7.42,9.2,3.26,2.96,2.93
P79	5.03,6.87,2.16,6.07,1.72,3.05,7.84,5.07,3.56,4.41
P80	8.51,1.3,1.17,2.88,4.3,2.75,9.14,6.94,7.67,2.9
P81	4.9,1.62,1.54,8.97,9.66,2.7,4.53,5.04,7.2,8.05
P82	8.95,9.49,5.7,7.0,2.18,1.05,1.25,3.6,6.43,4.57
P83	8.75,0.58,4.67,5.87,7.7,8.58,3.13,4.88,5.63,9.94
P84	1.74,7.42,1.77,6.65,4.58,9.34,6.86,0.2,1.45,0.84
P85	3.11,4.49,0.58,4.98,9.67,4.0,9.55,2.23,5.15,6.33
P86	8.72,1.66,8.46,2.11,6.5,0.62,3.12,5.33,0.96,6.69
P87	8.43,4.26,6.01,9.72,2.72,6.4,3.02,7.22,0.25,0.76
P88	1.01,3.37,3.43,7.59,9.16,0.38,6.29,8.47,5.85,1.2
P89	3.47,9.55,7.08,4.12,1.49,6.8,5.79,3.3,5.39,5.11
P90	0.36,3.68,4.3,2.08,7.35,5.54,4.37,3.7,8.36,1.6
P91	5.72,1.16,5.85,9.26,3.18,7.44,5.92,1.37,6.99,7.54
P92	8.55,2.01,0.8,8.75,7.79,7.37,8.89,5.83,4.61,8.11
P93	3.79,1.28,5.11,6.45,8.16,2.89,5.61,0.53,2.25,8.91
P94	3.86,8.61,9.04,6.44,2.58,8.06,4.63,9.87,7.68,7.28
P95	0.55,4.55,8.25,4.24,8.13,5.44,9.89,1.57,2.31,1.61
P96	5.74,6.83,3.9,5.44,2.18,5.94,4.58,9.45,7.16,9.55
P97	8.88,4.98,9.7,4.84,0.49,4.01,8.38,9.71,8.55,9.62
P98	5.17,2.6,0.88,1.32,8.58,8.48,7.18,8.39,6.59,1.19
P99	4.94,8.21,5.6,2.5,5.07,6.9,6.24,1.14,1.88,6.33
P100	0.92,8.44,4.39,4.99,0.6,3.15,2.01,0.26,0.27,4.37
P101	7.88,6.05,3.78,0.84,7.31,2.91,8.44,4.38,7.23,7.48
P102	9.14,7.09,4.89,4.12,9.69,5.51,0.42,4.59,6.67,9.25
P103	8.61,0.87,7.0,8.28,9.59,2.19,5.91,1.04,6.89,9.69
P104	6.72,4.82,3.99,1.26,6.75,1.1,7.35,4.8,6.87,1.12
P105	4.53,9.98,3.17,1.09,1.15,7.72,0.53,2.27,9.25,1.47
P106	7.07,8.45,2.57,6.65,7.68,2.13,1.57,2.56,2.29,1.45
P107	1.89,6.47,1.9,1.38,5.4,0.81,1.02,6.91,2.02,2.67
P108	0.33,0.49,4.05,9.35,7.63,3.09,1.95,5.06,8.11,6.36
P109	2.07,1.49,7.23,3.04,2.41,9.5,1.04,4.35,1.81,9.85
P110	8.8,6.1,1.93,8.62,2.37,9.31,8.96,6.88,5.37,7.79
P111	3.59,4.63,2.51,2.35,3.92,6.52,6.12,0.6,5.67,0.25
P112	2.83,2.16,8.05,8.97,7.66,1.19,1.62,5.99,7.0,2.34
P113	6.76,3.15,4.54,1.33,7.24,4.59,6.2,8.64,3.63,3.92
P114	1.28,3.11,5.87,5.94,6.68,2.68,2.2,3.73,0.77,0.86
P115	4.3,8.33,0.91,0.98,4.96,0.55,6.57,5.13,5.03,4.38
P116	5.88,0.79,0.97,6.9,8.79,6.41,3.0,2.35,4.77,6.63
P117	6.65,6.87,6.09,8.62,7.03,6.25,0.49,4.1,6.29,0.8
P118	8.64,5.37,9.27,0.63,2.36,9.74,1.7,9.62,9.4,3.87
P119	7.94,8.16,9.45,8.48,2.63,3.49,3.6,4.38,1.53,1.02
P120	6.84,2.63,2.29,1.79,8.81,5.38,4.83,9.36,3.25,8.88
P121	4.71,3.92,0.58,7.05,9.92,2.61,1.41,2.08,3.21,3.2
P122	0.8,8.35,7.54,1.98,4.54,7.53,1.69,8.27,8.95,5.38
P123	6.91,5.0,5.33,5.49,3.06,9.04,8.37,1.19,4.43,5.43
P124	5.8,4.42,1.51,6.97,2.61,9.73,4.39,4.24,9.46,2.0
P125	8.01,1.44,9.15,9.23,7.04,0.18,9.07,5.18,0.49,7.09
P126	0.39,2.49,2.18,0.56,6.46,3.42,3.42,9.0,4.34,4.57
P127	8.69,5.71,2.78,1.36,3.08,5.32,9.8,0.3,3.02,2.86
P128	0.49,0.05,8.08,9.46,3.52,7.02,2.12,7.76,0.62,8.05
P129	6.81,6.4,9.1,0.03,8.96,4.95,1.49,6.42,6.05,0.18
P130	0.19,1.21,0.92,9.82,7.48,3.98,7.48,2.11,2.65,3.25
P131	4.25,8.53,9.04,1.89,1.41,1.83,3.23,4.83,0.04,3.87
P132	7.49,8.88,9.47,5.75,4.6,4.44,9.63,8.0,0.83,1.14
P133	0.49,9.93,9.08,2.95,0.17,5.42,9.11,3.32,6.33,7.08
P134	5.95,7.77,3.07,1.91,0.61,9.53,6.95,9.49,9.82,3.57
P135	1.11,7.77,2.28,5.86,6.46,2.85,9.82,7.55,1.99,6.28
P136	0.8,8.32,4.43,7.62,2.04,9.19,9.04,0.52,2.67,2.64
P137	9.12,7.81,0.17,7.31,1.89,4.6,4.62,4.88,2.05,9.14
P138	1.55,9.62,2.77,7.38,7.95,4.34,5.51,1.15,8.74,2.46
P139	6.41,9.66,2.8,2.63,7.4,0.27,8.82,0.85,3.93,8.17
P140	1.2,5.46,0.09,3.59,5.35,1.68,3.93,2.03,9.86,5.97
P141	2.46,5.2,0.4,5.09,6.1,0.18,6.35,1.12,7.16,9.84
P142	6.53,1.84,5.48,0.44,4.97,5.08,7.0,0.79,1.03,6.88
P143	7.85,3.68,0.67,6.07,7.52,1.68,7.45,1.64,9.2,8.78
P144	2.4,5.54,4.81,4.21,1.61,0.47,4.84,6.77,9.36,1.23
P145	0.42,6.44,2.17,8.79,6.19,4.96,6.44,7.93,7.6,8.6
P146	8.0,3.15,5.68,4.42,7.23,2.53,5.64,6.1,7.25,5.93
P147	2.83,6.48,6.05,2.2,1.54,1.76,5.62,9.88,6.95,6.82
P148	2.38,7.17,0.81,1.81,3.58,0.12,4.56,7.73,3.94,2.06
P149	1.59,2.82,4.93,3.93,1.97,1.99,7.04,2.23,8.92,8.97
P150	1.7,0.92,6.04,4.15,5.31,4.09,8.42,1.92,2.63,8.75
P151	8.65,7.58,0.42,0.71,0.99,7.75,5.23,2.23,2.84,8.01
P152	1.07,6.88,3.09,7.95,3.74,5.86,1.21,7.01,8.62,9.88
P153	8.98,4.25,7.83,2.62,9.5,1.08,0.77,4.98,4.46,9.18
P154	9.54,4.03,0.91,4.82,6.68,7.12,3.84,6.99,8.29,9.41
P155	9.12,8.94,9.93,2.71,4.18,2.04,6.24,4.39,0.63,6.31
P156	7.62,8.02,3.85,4.09,9.1,1.31,9.28,2.15,7.09,2.95
P157	4.46,2.81,9.53,6.9,8.52,6.38,3.61,1.96,8.04,5.79
P158	3.23,4.71,9.52,9.13,5.34,5.69,3.57,7.36,9.94,2.73
P159	5.47,2.7,4.16,0.05,9.89,7.62,4.3,8.61,5.2,5.76
P160	3.43,1.54,3.91,3.87,4.0,7.97,1.61,8.1,6.44,0.37
P161	6.19,8.96,4.99,3.21,2.83,6.81,1.51,5.14,7.9,3.59
P162	6.26,3.31,6.75,7.19,2.61,5.75,6.11,2.21,8.9,7.04
P163	1.82,4.11,6.37,3.35,6.5,4.57,7.08,4.98,9.7,2.33
P164	9.28,8.78,5.42,7.41,0.57,7.88,7.7,6.43,1.26,3.47
P165	5.41,3.46,1.3,1.74,1.6,3.74,3.98,9.3,1.0,7.33
P166	8.95,2.12,1.78,6.14,5.35,6.21,4.06,0.23,2.67,3.03
P167	8.2,8.94,3.71,9.22,0.44,8.2,9.14,7.93,2.25,7.72
P168	7.67,8.61,2.16,0.97,9.12,3.27,6.0,6.46,0.63,9.78
P169	1.91,0.8,7.45,6.95,1.73,2.83,0.66,1.83,9.08,3.67
P170	3.9,7.25,7.46,8.76,9.75,6.1,9.17,7.12,4.75,9.62
P171	6.27,7.37,8.31,8.83,0.78,2.01,7.44,1.72,0.07,9.41
P172	3.69,4.21,6.85,7.59,3.22,9.26,0.76,5.09,3.81,6.91
P173	9.61,2.16,5.14,8.02,4.34,9.6,9.54,5.42,0.83,3.69
P174	1.34,9.58,5.85,3.12,1.88,0.18,1.65,7.59,5.91,0.96
P175	5.86,8.78,2.79,3.05,8.89,1.17,2.28,1.04,1.26,4.13
P176	0.52,6.84,6.82,6.86,6.53,8.7,6.16,4.71,3.31,6.59
P177	6.52,8.73,0.48,0.65,0.56,0.35,7.45,6.39,6.67,9.47
P178	6.88,8.87,7.63,7.63,8.42,8.22,2.94,7.24,1.73,0.58
P179	2.38,4.28,6.11,1.77,4.88,4.68,0.95,5.79,7.32,3.8
P180	8.0,6.69,2.33,4.43,1.41,0.23,3.09,1.21,6.13,1.23
P181	5.44,8.35,8.66,3.77,4.67,3.18,6.73,3.63,5.18,0.09
P182	6.15,7.07,5.91,8.41,3.51,5.3,3.5,2.78,3.53,1.65
P183	8.27,6.5,8.31,7.21,4.94,6.84,3.73,1.06,1.43,6.22
P184	5.24,3.42,3.99,4.56,1.2,3.38,6.49,6.48,6.86,8.19
P185	4.82,1.34,6.41,7.68,4.68,5.75,3.63,5.63,2.85,5.45
P186	3.67,9.75,7.08,8.36,0.26,3.35,9.72,1.01,2.47,4.62
P187	3.5,8.41,5.03,4.02,6.01,1.21,4.45,6.29,0.72,4.68
P188	0.72,1.32,8.49,1.3,1.13,7.12,3.49,2.24,8.33,9.16
P189	1.06,3.52,9.51,2.29,3.47,9.31,7.25,5.76,1.28,8.44
P190	5.76,6.9,4.32,9.89,7.85,6.33,6.58,9.85,9.03,5.92
P191	3.29,5.76,5.34,0.97,7.1,2.71,0.48,9.74,2.52,3.45
P192	5.89,6.67,4.2,6.33,4.96,0.49,5.32,4.7,8.64,4.83
P193	6.63,7.2,4.96,6.74,5.69,1.0,9.85,8.26,8.36,8.69
P194	9.49,6.93,1.29,5.78,7.68,4.16,5.15,7.1,2.64,4.11
P195	3.2,9.89,8.88,1.95,8.73,6.13,9.2,7.24,7.72,8.72
P196	0.79,7.44,0.73,4.46,7.24,6.7,8.31,1.87,5.15,7.25
P197	0.34,3.26,0.12,4.24,8.21,8.6,1.92,9.96,2.58,3.52
P198	2.59,0.09,6.69,4.87,4.65,2.94,6.45,5.0,8.64,2.33
P199	4.51,0.44,0.67,6.26,4.61,1.5,0.76,6.35,6.47,6.61
P200	2.56,7.66,9.04,9.54,3.13,4.45,1.72,8.1,9.29,5.04
P201	9.16,9.9,3.55,8.41,4.7,4.9,8.25,5.37,2.03,4.26
P202	1.49,0.14,2.29,2.28,1.86,1.45,5.97,1.33,2.26,8.09
P203	5.2,9.83,4.76,0.64,2.23,9.69,9.45,9.76,4.01,2.96
P204	0.39,1.68,1.28,6.82,0.82,2.76,2.96,2.52,7.91,8.9
P205	2.93,6.44,4.72,9.85,6.98,0.97,3.17,5.01,2.23,8.68
P206	7.2,5.55,9.9,5.83,9.96,6.53,5.19,0.2,1.96,4.52
P207	4.49,3.87,0.0,8.26,1.31,3.81,8.18,4.36,7.12,1.67
P208	2.89,5.8,1.89,9.66,3.56,8.15,2.83,1.08,9.68,7.5
P209	6.18,2.57,2.41,4.33,8.55,0.17,6.14,9.78,9.38,2.55
P210	1.25,4.08,5.12,3.26,4.39,2.31,9.48,8.14,6.77,9.05
P211	1.13,5.55,4.02,2.03,1.91,4.57,3.52,4.47,3.98,0.96
P212	6.3,7.3,4.05,1.37,1.16,5.39,6.32,3.78,7.68,6.3
P213	3.68,6.42,3.86,6.32,8.22,7.54,1.14,6.04,8.17,6.15
P214	6.44,6.88,8.18,6.98,6.58,0.94,3.68,3.77,4.86,8.61
P215	8.46,1.29,3.86,2.41,6.12,0.31,0.85,0.85,2.76,9.59
P216	4.61,3.38,8.12,5.32,3.06,5.57,6.69,1.87,1.44,4.29
P217	8.82,7.01,9.64,4.13,4.09,1.27,5.74,9.36,5.62,3.75
P218	9.66,1.04,4.75,5.99,7.64,4.69,9.79,1.59,3.1,2.36
P219	1.44,1.62,4.25,2.09,0.09,4.8,2.06,9.06,6.82,7.33
P220	4.93,5.14,1.2,9.05,7.82,7.98,3.22,1.58,4.53,6.3
P221	6.28,9.29,1.23,5.52,0.8,5.76,8.45,6.65,5.2,6.88
P222	6.38,1.87,2.13,6.63,5.44,2.15,3.05,3.12,9.82,5.92
P223	3.62,0.73,7.0,2.85,5.34,8.55,0.26,3.53,6.89,6.76
P224	4.26,4.04,9.35,0.38,6.19,4.36,5.56,4.05,6.2,0.7
P225	3.32,2.38,1.15,5.01,5.41,8.17,5.2,9.32,7.8,4.38
P226	9.22,8.57,8.5,6.79,8.61,3.42,5.8,1.02,5.5,3.39
P227	4.28,1.74,7.46,1.81,1.12,1.7,8.93,6.12,3.04,5.54
P228	5.98,0.93,6.53,6.37,7.48,6.9,9.89,3.25,7.92,5.31
P229	6.12,4.27,7.91,6.73,9.67,2.89,8.58,2.58,8.56,5.04
P230	5.17,9.76,5.83,0.38,3.32,1.9,0.47,4.46,8.62,5.78
P231	8.81,7.15,6.56,7.36,1.75,9.28,5.16,0.49,1.84,1.43
P232	7.08,0.18,7.08,8.16,1.47,3.84,4.83,6.35,8.44,6.35
P233	0.36,8.49,0.4,9.03,9.16,0.83,5.63,8.35,1.3,0.89
P234	8.73,7.48,9.03,1.49,1.55,2.73,5.98,6.19,6.37,7.37
P235	7.33,6.4,9.4,7.21,5.68,1.86,9.23,6.04,6.51,4.08
P236	9.73,4.0,0.53,7.44,0.67,8.84,7.47,3.38,3.23,8.03
P237	7.53,1.13,8.99,9.71,2.03,2.87,2.88,1.75,4.48,1.93
P238	0.77,1.11,6.93,0.16,1.55,0.3,4.12,4.7,2.49,3.6
P239	9.82,4.9,3.8,3.63,5.34,7.38,5.22,7.67,0.46,0.86
P240	2.93,4.34,0.58,2.66,9.94,3.03,2.3,5.78,6.91,2.88
P241	1.27,8.61,3.12,3.11,2.81,9.57,9.35,3.86,5.52,5.3
P242	5.26,4.91,2.76,4.23,4.16,0.12,4.88,7.03,6.9,6.91
P243	7.72,1.44,4.96,3.32,9.32,2.25,9.9,0.26,7.03,5.89
P244	2.97,2.59,2.29,5.66,3.45,0.91,8.46,5.47,9.43,5.22
P245	0.11,9.66,7.54,2.88,8.99,1.36,1.24,5.72,2.34,4.66
P246	8.56,5.43,4.67,4.06,0.91,2.29,2.52,0.33,4.5,9.17
P247	5.15,3.52,4.45,2.13,0.98,2.37,9.65,9.0,0.81,4.33
P248	3.45,9.5,3.98,1.89,1.08,3.97,3.09,9.13,9.78,3.0
P249	5.91,6.87,1.9,6.71,0.92,6.22,4.16,1.02,3.88,7.96
P250	8.64,7.72,8.87,9.62,2.35,6.79,6.37,2.99,2.6,2.2
P251	4.91,2.32,4.77,7.01,0.29,7.36,7.58,9.57,8.39,6.22
P252	8.55,0.41,3.12,9.91,8.9,8.35,1.23,4.42,2.86,5.34
P253	9.46,6.25,1.04,1.75,7.7,4.27,1.35,7.69,3.67,4.21
P254	3.82,1.46,1.05,1.94,7.64,3.16,2.98,8.38,9.51,0.01
P255	7.23,1.87,2.76,0.3,7.65,3.45,5.65,4.22,8.87,6.96
P256	5.3,3.33,7.65,8.26,1.2,5.19,4.99,7.68,8.35,6.02
P257	7.39,5.26,5.58,2.19,4.48,1.13,8.91,0.81,3.01,2.38
P258	3.29,0.97,3.73,3.11,8.8,9.4,8.72,6.91,8.74,8.98
P259	1.56,9.3,7.91,3.88,1.65,3.43,8.92,2.73,6.97,3.64
P260	3.57,9.82,6.91,0.43,3.52,5.07,7.52,4.88,2.17,5.23
P261	7.08,2.55,5.1,2.49,9.09,4.5,1.6,1.88,2.89,8.21
P262	4.16,5.2,9.89,1.98,5.65,7.94,4.44,4.53,6.33,5.09
P263	4.26,5.54,4.1,3.25,4.58,4.13,1.78,9.44,4.2,9.34
P264	4.52,1.4,8.82,1.07,9.12,0.38,9.37,0.38,4.42,4.84
P265	8.47,5.15,8.63,2.91,8.19,0.93,5.0,2.06,6.27,7.04
P266	2.33,6.67,5.92,4.83,9.97,8.36,6.34,8.46,0.66,9.08
P267	7.51,8.42,5.68,4.01,2.56,4.73,8.25,0.18,5.78,9.56
P268	1.19,6.33,2.28,9.12,3.52,1.72,7.94,0.33,9.38,4.6
P269	4.58,1.12,9.64,5.77,5.99,2.02,2.68,9.35,4.78,3.2
P270	6.7,0.54,8.94,2.95,9.71,9.76,9.5,3.14,7.41,3.64
P271	7.44,2.62,1.29,5.88,9.09,1.45,1.2,5.36,3.73,8.01
P272	7.06,4.36,6.53,6.0,4.29,7.31,2.52,0.18,6.33,9.33
P273	4.76,8.43,5.33,4.01,0.74,2.2,9.23,2.31,6.47,9.4
P274	9.23,7.65,6.7,1.61,6.88,7.52,3.37,2.21,3.95,8.78
P275	1.61,3.28,1.64,1.69,3.92,6.92,7.63,8.03,9.08,0.9
P276	1.11,9.61,1.49,9.53,5.99,6.59,0.51,8.09,2.06,9.63
P277	7.14,3.25,2.38,5.7,6.88,2.29,2.73,5.28,3.73,1.48
P278	5.29,7.72,0.02,7.28,4.96,2.17,0.69,4.55,0.8,4.17
P279	8.83,2.78,9.44,1.45,1.15,4.73,9.77,8.19,8.38,1.75
P280	0.42,3.94,5.71,6.75,2.26,1.85,2.58,8.85,8.52,1.22
P281	9.69,3.18,3.9,0.81,3.22,5.89,2.58,2.75,2.9,6.91
P282	1.77,1.71,1.01,2.44,4.45,0.34,3.95,5.2,9.53,9.81
P283	6.69,2.61,2.66,4.06,3.19,2.49,4.27,7.17,2.48,1.2
P284	3.64,5.94,1.06,1.35,9.97,4.13,7.14,5.05,1.65,0.36
P285	1.16,3.79,4.82,9.06,0.03,7.99,1.14,2.75,9.77,7.56
P286	2.5,4.36,2.11,0.09,7.41,0.34,6.07,4.23,9.57,8.71
P287	4.57,4.64,4.54,1.6,9.78,8.94,4.08,8.29,7.87,8.62
P288	1.44,3.09,5.64,3.71,2.56,2.25,6.94,4.99,9.85,5.41
P289	6.21,8.93,5.46,0.06,0.34,7.61,0.25,2.02,7.55,0.05
P290	3.33,0.93,3.99,2.14,4.51,7.45,4.29,9.14,8.59,8.02
P291	2.49,8.79,6.2,3.81,3.53,3.29,0.4,2.66,3.52,5.0
P292	2.4,7.08,9.22,4.51,2.33,6.18,3.21,9.28,2.97,7.13
P293	1.29,8.1,5.47,9.67,3.26,9.07,6.01,7.82,6.31,9.15
P294	1.52,4.26,2.53,8.86,0.63,6.32,9.0,9.19,3.58,7.23
P295	8.76,6.51,0.61,2.82,6.18,7.57,4.31,1.45,8.41,8.99
P296	5.2,4.89,7.59,4.69,3.93,8.61,5.13,0.43,5.51,2.68
P297	0.26,6.5,2.89,8.72,9.85,8.67,7.84,3.99,5.67,2.56
P298	6.67,1.12,7.94,8.45,7.39,0.73,1.48,2.09,2.48,4.83
P299	1.58,1.99,8.6,0.62,2.15,5.02,0.4,8.23,7.8,0.56
P300	0.73,0.61,5.07,7.82,3.65,0.94,5.07,2.46,9.74,0.91
P301	1.6,5.96,5.56,2.96,4.14,6.16,0.26,1.26,4.66,7.71
P302	2.97,8.87,1.04,9.06,3.6,3.1,7.25,6.35,8.59,7.24
P303	2.72,5.43,0.53,4.34,8.52,0.19,7.01,7.94,8.44,9.17
P304	0.04,5.53,6.75,2.73,1.97,2.54,2.27,9.9,7.5,8.94
P305	0.98,7.35,4.58,5.54,4.86,3.06,8.53,4.46,5.52,3.62
P306	4.99,6.55,4.9,7.34,7.21,8.78,4.1,4.86,2.36,6.23
P307	3.32,5.36,9.65,6.79,2.93,8.99,0.45,1.03,5.62,5.83
P308	6.61,6.68,4.49,7.22,8.85,4.56,0.6,8.08,1.35,2.62
P309	6.09,7.71,2.09,5.75,5.67,2.17,1.29,1.52,0.34,3.64
P310	1.6,6.43,1.99,0.56,4.61,2.77,6.33,8.01,7.88,3.63
P311	4.88,9.49,5.45,2.5,3.67,9.39,2.77,4.2,7.43,1.04
P312	3.81,6.12,3.4,6.02,4.15,1.99,7.95,9.11,8.84,5.84
P313	2.69,7.64,8.05,0.33,4.16,5.11,6.57,1.86,2.41,7.16
P314	5.48,4.87,9.67,1.76,5.79,8.84,9.5,6.82,3.86,4.67
P315	0.78,5.8,8.19,1.58,8.35,5.73,5.47,1.55,4.08,2.9
P316	1.32,6.27,7.83,8.55,7.84,0.47,7.79,0.55,5.69,6.34
P317	3.43,7.33,3.3,6.21,2.58,7.41,9.34,4.28,6.08,0.94
P318	7.78,3.89,9.53,9.79,6.4,3.52,2.04,9.41,1.11,3.67
P319	6.04,8.54,7.87,6.55,0.52,2.52,3.73,2.25,2.57,2.44
P320	6.1,8.59,8.41,4.82,7.22,6.32,5.72,6.04,6.37,7.88
P321	3.68,1.65,8.51,5.85,5.62,3.07,1.77,6.8,2.0,3.25
P322	0.15,7.11,8.29,8.6,0.12,0.18,2.96,6.39,1.53,8.46
P323	5.77,5.79,3.85,9.69,5.57,5.83,8.47,3.77,9.71,5.56
P324	6.7,5.84,4.39,9.92,0.93,1.43,6.27,0.0,3.17,1.52
P325	0.91,7.65,1.46,9.04,3.03,2.85,9.51,3.44,6.64,6.49
P326	9.0,6.41,0.69,2.83,7.32,0.57,7.34,3.32,5.62,2.19
P327	5.25,8.2,3.36,0.88,0.17,2.81,5.98,1.75,8.59,3.33
P328	1.73,0.36,7.83,0.5,1.95,6.52,7.98,0.6,7.13,0.89
P329	6.65,0.0,7.16,7.49,7.55,3.46,0.18,5.68,7.83,6.49
P330	9.09,8.06,7.15,9.01,8.55,3.93,3.48,1.03,8.27,3.98
P331	6.74,0.8,0.01,8.55,1.87,2.77,7.28,0.44,6.65,5.36
P332	5.99,3.42,8.58,8.67,4.22,9.21,6.88,8.06,6.82,9.09
P333	2.75,2.64,8.12,0.83,0.86,6.79,2.31,8.43,0.34,8.96
P334	6.18,9.67,1.64,4.27,3.73,6.18,8.49,6.73,5.17,2.01
P335	1.17,2.13,5.86,8.72,7.81,5.16,1.93,9.87,5.49,2.85
P336	0.29,3.15,1.94,1.65,0.34,5.66,1.47,7.65,3.49,7.1
P337	5.98,7.25,4.56,5.57,3.05,1.3,5.89,3.16,8.14,6.59
P338	1.12,1.67,7.51,7.09,0.6,4.33,1.4,1.86,4.49,5.55
P339	4.79,7.77,2.76,9.65,4.31,2.89,3.68,8.65,5.29,0.92
P340	3.37,1.19,2.87,7.83,9.79,7.02,4.28,9.3,3.54,6.55
P341	7.56,1.7,6.67,0.58,3.33,9.86,7.94,3.15,2.41,2.14
P342	9.87,9.74,1.79,6.86,8.43,3.44,5.32,4.6,0.96,4.51
P343	3.89,7.69,1.72,2.26,1.37,1.47,7.42,3.69,9.36,2.13
P344	6.9,0.52,3.43,2.23,0.14,4.54,8.2,8.26,1.8,1.48
P345	6.76,4.18,3.74,5.42,2.42,1.06,8.98,8.58,6.95,5.9
P346	6.84,6.76,0.56,1.8,5.34,6.44,2.8,7.84,2.33,7.98
P347	2.65,9.18,1.1,8.71,8.63,7.3,9.9,0.49,6.42,5.49
P348	7.13,9.48,2.57,7.26,5.83,9.6,7.51,3.64,1.52,7.0
P349	0.15,1.12,7.33,0.48,9.42,3.28,9.15,1.2,5.02,8.02
P350	1.31,5.82,1.03,7.03,0.33,9.09,0.96,5.71,0.11,5.43
P351	2.31,9.93,7.21,4.26,1.99,0.55,8.81,0.45,1.16,8.0
P352	9.01,9.6,9.86,6.79,1.8,7.46,6.92,4.37,9.73,4.64
P353	0.57,9.61,8.24,0.01,8.54,3.53,4.56,1.42,4.33,9.08
P354	8.97,7.89,7.97,7.3,3.47,5.32,5.58,4.44,9.64,6.86
P355	1.67,8.09,3.22,9.93,2.43,1.03,7.48,3.96,5.89,8.0
P356	1.42,7.22,7.24,4.23,1.66,6.03,3.58,4.42,8.72,7.08
P357	2.53,7.52,9.5,1.87,3.57,5.48,7.76,2.64,9.11,4.29
P358	3.48,0.51,4.92,1.22,0.15,0.32,5.62,5.51,6.46,0.85
P359	2.04,8.79,4.85,6.03,1.15,7.58,4.94,0.4,8.5,2.44
P360	4.37,1.5,5.41,7.82,2.74,3.33,0.12,1.69,7.26,7.16
P361	2.97,6.79,0.06,0.46,0.29,3.46,7.99,0.54,1.05,9.81
P362	5.2,6.38,3.02,6.51,8.0,1.62,2.37,2.0,8.88,1.5
P363	1.82,8.94,3.93,9.06,7.61,4.13,3.55,9.11,4.81,2.25
P364	1.68,3.79,3.95,8.7,2.56,0.23,9.09,7.48,7.54,8.89
P365	9.19,8.42,6.52,1.35,9.96,2.06,9.82,7.16,3.01,1.5
P366	6.87,2.88,2.86,8.0,7.33,0.43,9.79,1.1,8.85,8.38
P367	8.71,4.8,3.18,6.97,9.62,8.18,8.96,7.36,5.45,2.91
P368	5.17,5.91,6.83,0.1,4.1,6.81,1.47,6.01,6.23,0.31
P369	7.83,9.35,2.46,9.12,8.9,3.02,1.21,2.53,2.36,9.61
P370	8.33,6.63,7.12,3.05,8.6,8.62,5.16,8.59,5.94,5.55
P371	9.71,9.21,8.23,0.49,7.03,9.85,9.51,4.3,0.23,9.54
P372	8.7,7.44,7.27,8.07,9.57,4.14,4.84,5.86,0.64,0.88
P373	1.67,4.87,7.79,2.11,2.31,4.01,4.33,8.72,2.75,4.76
P374	5.26,9.16,4.36,1.04,3.02,8.49,1.62,3.3,1.65,8.51
P375	1.94,7.91,5.36,0.39,3.16,2.02,5.02,2.04,5.36,8.44
P376	3.25,4.48,8.74,7.16,4.79,4.76,8.84,7.74,3.59,8.32
P377	3.33,1.83,2.64,0.34,2.44,6.1,5.21,3.93,6.14,3.65
P378	8.84,2.52,6.93,6.52,4.51,5.74,6.7,2.43,3.74,0.42
P379	9.57,6.83,5.99,3.26,0.51,4.97,6.97,7.72,1.31,9.55
P380	6.28,5.0,1.03,6.53,9.11,8.62,8.43,5.49,2.79,2.6
P381	7.33,1.11,3.24,5.49,4.16,9.32,0.69,6.63,9.14,4.98
P382	6.35,6.22,8.19,7.9,4.25,7.92,3.53,0.69,2.8,1.23
P383	4.66,4.78,1.25,0.95,9.98,0.98,4.91,2.93,1.69,6.62
P384	1.5,8.2,3.1,4.78,7.91,2.85,7.76,9.83,3.28,6.94
P385	4.81,9.79,9.31,4.05,3.17,8.4,3.61,2.34,0.18,8.75
P386	4.8,9.1,6.96,6.02,1.15,3.49,3.64,8.96,5.86,6.26
P387	2.33,8.49,2.78,1.03,5.0,7.11,6.28,9.05,6.05,4.63
P388	7.53,8.12,6.78,4.03,7.52,7.02,9.9,6.59,3.98,8.48
P389	7.41,6.36,5.29,7.7,4.68,2.84,9.74,8.02,6.69,4.77
P390	2.24,2.66,9.65,9.63,4.21,9.06,3.18,0.83,4.15,2.72
P391	3.08,9.32,8.15,8.46,4.91,6.93,9.48,0.04,1.82,6.32
P392	6.32,3.76,7.94,6.6,4.69,7.35,0.47,4.0,1.68,3.62
P393	9.32,4.48,0.17,6.89,3.03,8.41,2.42,1.61,3.87,8.33
P394	4.22,4.39,2.68,7.07,5.35,4.8,6.46,7.35,4.9,5.72
P395	7.61,3.71,1.83,0.95,4.02,4.16,2.23,6.35,3.46,2.27
P396	4.88,1.0,4.13,9.74,5.48,6.46,5.36,5.92,8.59,5.53
P397	9.36,3.62,3.05,6.72,4.97,9.51,3.42,6.87,9.17,3.82
P398	4.81,2.62,0.81,6.18,3.61,0.59,3.58,3.5,9.2,7.38
P399	2.03,1.58,5.28,3.07,5.43,4.08,0.08,6.2,8.9,1.34
P400	6.31,3.77,0.45,6.76,0.63,7.15,5.42,0.29,1.78,4.0
P401	6.9,7.07,4.24,6.14,2.05,4.1,0.89,5.86,9.03,9.49
P402	4.74,6.46,9.09,6.78,4.18,7.92,1.12,1.72,0.86,5.4
P403	3.75,9.78,2.1,6.55,1.43,0.76,2.29,3.16,6.34,1.06
P404	8.59,4.42,7.68,5.13,7.27,1.8,3.61,4.92,5.69,9.95
P405	8.42,0.62,4.03,4.44,9.88,5.91,8.07,4.35,7.02,8.86
P406	1.03,7.31,8.73,2.65,8.3,5.05,7.56,1.0,3.27,9.94
P407	0.95,9.92,6.73,7.03,4.33,0.81,4.72,1.13,6.67,9.75
P408	2.02,6.02,9.2,4.66,9.12,0.93,2.24,4.9,0.91,9.92
P409	3.71,7.48,4.05,1.29,4.77,0.54,8.5,7.47,5.02,7.17
P410	5.72,0.63,9.91,2.43,2.45,5.64,7.53,1.83,4.27,9.95
P411	0.92,2.47,7.57,9.51,4.41,6.85,2.12,0.74,9.4,4.81
P412	8.99,1.39,5.9,1.62,9.96,7.33,0.84,8.54,5.52,7.75
P413	3.41,7.72,8.15,8.97,0.34,5.11,6.39,5.75,1.45,3.28
P414	3.06,9.22,6.71,1.37,7.89,3.11,1.43,0.54,0.96,2.86
P415	5.26,1.59,8.19,7.82,4.23,6.22,4.28,3.18,2.35,4.15
P416	1.83,6.64,0.67,6.72,7.49,4.57,7.35,1.37,7.15,3.83
P417	1.83,2.74,2.81,8.36,9.75,3.24,3.09,4.08,3.18,0.38
P418	7.69,1.93,2.15,8.29,3.84,6.04,9.67,8.37,9.36,3.91
P419	2.09,7.61,2.49,5.42,0.64,3.33,3.57,0.56,8.11,0.09
P420	7.35,9.09,6.56,7.79,7.49,1.09,8.22,9.98,7.04,4.22
P421	1.85,8.03,9.16,2.14,1.18,9.82,3.01,8.69,0.34,1.17
P422	8.31,3.98,3.57,4.76,0.58,1.97,2.91,3.7,6.11,3.82
P423	8.31,6.51,2.21,7.72,8.82,6.08,3.43,3.78,2.47,7.72
P424	9.03,2.18,5.1,0.27,0.32,3.74,4.93,0.14,9.32,4.7
P425	0.84,9.95,1.33,1.83,6.99,2.42,5.15,9.46,5.42,5.44
P426	4.23,7.7,1.29,5.78,0.61,9.67,2.61,7.87,1.93,6.22
P427	7.15,8.43,7.97,8.42,4.84,9.71,9.98,1.96,2.83,2.07
P428	0.3,2.38,4.13,1.14,4.59,6.98,7.63,6.25,1.67,7.48
P429	9.31,4.47,8.45,7.18,9.48,8.92,8.65,7.94,0.91,1.08
P430	4.38,5.01,5.89,4.04,9.12,2.57,8.36,7.97,9.02,8.49
P431	8.86,9.47,7.14,4.84,5.84,3.53,1.64,9.56,6.75,1.08
P432	4.94,5.67,6.47,4.5,5.22,6.65,8.5,1.31,5.7,0.31
P433	6.24,8.81,9.93,9.37,8.42,3.01,3.2,3.32,2.13,1.34
P434	1.18,5.42,1.89,1.97,7.04,8.11,1.15,2.1,7.25,2.44
P435	4.99,3.81,4.56,9.89,9.51,8.94,3.88,0.01,3.64,3.67
P436	3.0,3.65,3.76,9.45,5.59,9.45,0.29,9.51,8.14,0.85
P437	7.99,8.95,6.27,1.69,8.43,2.27,8.03,1.57,4.1,4.26
P438	3.81,5.79,8.3,8.75,2.84,0.83,4.18,5.33,6.17,3.48
P439	8.97,5.57,4.69,0.63,6.86,9.19,8.84,7.21,4.96,4.98
P440	3.28,1.66,1.85,3.45,5.98,2.06,7.93,5.81,6.26,1.03
P441	9.47,8.71,0.19,4.15,6.36,5.5,5.28,5.17,4.38,2.22
P442	8.26,0.73,8.77,1.4,1.39,9.06,5.29,7.06,2.79,9.68
P443	8.51,2.24,5.98,6.01,4.97,4.19,2.08,8.57,0.55,3.02
P444	5.84,4.21,7.11,6.73,3.14,6.03,3.43,9.27,3.46,9.22
P445	9.6,8.67,5.23,0.64,1.66,8.84,6.27,3.6,5.72,2.5
P446	3.8,4.85,6.77,2.13,0.92,7.8,7.6,2.88,7.21,4.45
P447	7.48,4.1,1.14,8.78,8.78,5.93,1.15,5.98,1.83,3.81
P448	0.51,5.08,4.95,6.1,8.08,7.45,7.06,9.88,3.61,0.03
P449	4.82,5.4,1.57,9.98,5.01,2.61,1.68,6.98,5.27,1.79
P450	8.09,0.65,3.65,6.19,1.6,2.86,7.5,6.61,0.83,9.16
P451	7.78,6.69,9.07,9.23,3.55,2.78,3.2,3.5,4.27,4.27
P452	9.84,2.07,4.93,8.65,1.83,2.41,0.03,0.37,5.02,4.39
P453	7.48,4.39,1.32,4.73,3.11,3.16,9.06,8.05,9.4,0.52
P454	5.77,8.45,9.88,7.22,1.66,3.75,1.58,0.68,4.44,4.45
P455	3.99,5.55,7.16,0.59,2.08,3.19,1.42,2.92,4.91,4.93
P456	7.51,9.21,8.93,8.54,1.59,2.34,6.71,7.84,7.56,4.94
P457	8.07,2.18,7.95,3.98,9.94,6.81,3.7,9.9,5.68,4.96
P458	7.55,6.95,2.34,9.5,9.54,5.4,6.6,5.57,5.91,1.56
P459	6.1,5.26,4.74,8.82,3.21,2.16,2.46,1.18,2.47,6.7
P460	5.66,1.14,1.39,2.66,1.61,5.28,6.47,1.79,8.89,4.27
P461	2.97,5.86,7.19,8.85,7.41,5.13,1.32,9.53,6.26,7.97
P462	9.79,5.95,3.1,8.92,3.02,1.21,9.07,1.43,9.59,7.44
P463	8.32,7.16,1.27,1.77,0.89,5.89,9.61,5.78,0.52,8.8
P464	7.17,7.47,3.51,3.15,6.48,1.93,8.29,8.19,8.3,5.97
P465	1.82,0.76,9.0,2.14,0.62,3.61,3.55,9.87,9.12,1.41
P466	6.53,4.78,7.38,7.3,8.93,2.52,3.59,7.47,2.3,9.97
P467	4.11,2.67,5.19,5.21,5.25,3.0,8.94,7.08,6.59,7.13
P468	1.23,6.96,5.14,7.58,6.17,7.91,3.25,1.34,9.13,1.15
P469	1.04,9.27,2.92,5.76,5.77,8.07,9.65,5.13,6.34,5.95
P470	8.93,2.92,1.17,6.72,9.19,1.97,1.52,7.46,3.03,2.01
P471	0.5,1.61,1.95,5.75,9.78,2.85,8.14,8.65,2.57,5.0
P472	3.32,4.21,1.3,9.92,5.28,5.79,2.87,8.07,3.21,5.41
P473	2.68,6.62,1.51,2.38,0.89,5.7,0.48,7.18,1.0,6.37
P474	9.14,1.47,1.28,3.46,1.91,0.87,4.08,1.82,6.16,5.62
P475	6.88,7.51,2.15,3.38,1.39,4.21,0.25,9.63,4.1,0.74
P476	3.01,3.8,2.17,7.85,1.18,3.36,3.68,1.08,3.37,3.79
P477	0.19,1.77,9.09,9.94,2.34,0.19,3.25,2.89,6.8,3.15
P478	8.49,6.86,3.31,3.38,8.33,3.03,6.56,9.6,0.33,0.28
P479	6.23,4.14,3.34,8.33,2.24,9.84,7.08,5.22,9.57,8.97
P480	5.6,9.45,8.36,4.82,8.13,6.84,0.76,0.95,2.36,3.69
P481	5.14,3.93,5.51,0.45,2.47,2.88,7.89,5.01,7.01,3.33
P482	2.16,0.5,5.15,3.17,9.19,0.18,2.56,5.96,7.76,1.25
P483	9.06,0.43,1.32,0.17,5.07,5.24,9.47,4.24,1.29,5.06
P484	5.95,8.25,5.4,7.24,7.39,0.38,5.66,8.61,9.4,8.53
P485	1.6,8.09,7.24,6.72,6.12,4.28,8.62,1.66,1.84,6.51
P486	5.04,0.71,6.62,4.37,6.45,6.44,0.08,3.25,1.24,7.04
P487	2.93,2.94,9.62,8.86,6.07,2.2,4.19,4.86,4.47,4.61
P488	5.67,2.5,4.12,0.2,5.21,5.52,6.63,2.76,7.53,6.77
P489	7.21,5.07,0.35,3.48,6.54,2.9,6.71,1.87,5.86,3.94
P490	6.01,5.72,7.94,9.65,8.88,1.96,3.39,6.51,8.47,7.17
P491	2.98,8.01,7.91,0.51,1.98,0.28,9.59,2.54,1.59,2.42
P492	6.98,4.2,6.06,7.23,3.69,7.07,1.33,9.18,7.99,4.34
P493	2.54,4.24,2.81,1.49,3.36,0.83,2.8,7.37,9.47,1.52
P494	0.45,8.98,2.39,3.11,2.44,8.17,7.42,6.42,6.03,4.02
P495	1.19,7.86,3.01,2.82,0.37,1.97,4.91,6.24,2.67,7.78
P496	9.33,9.64,5.43,2.34,1.59,4.07,5.09,1.23,9.98,0.03
P497	2.89,9.75,5.64,6.16,8.2,7.98,9.86,2.98,1.24,9.87
P498	3.04,0.68,1.14,9.21,8.95,9.74,3.59,5.37,7.67,5.09
P499	4.8,7.58,8.34,7.63,4.9,9.58,0.26,1.8,4.35,5.66
P500	7.19,4.35,1.77,4.95,4.91,7.16,9.85,3.61,6.79,6.79
P501	9.05,3.19,5.31,4.19,5.48,9.34,0.26,0.81,9.93,6.98
P502	5.76,1.6,0.41,7.07,9.14,0.84,8.93,4.93,4.19,4.43
P503	6.8,2.49,0.38,0.87,9.41,4.66,7.19,3.78,2.89,5.49
P504	9.97,0.64,9.95,0.97,9.38,6.14,1.83,3.62,1.8,3.63
P505	6.27,8.61,2.01,4.75,9.07,2.26,2.81,5.67,8.05,1.85
P506	8.19,8.27,3.99,9.64,8.28,5.62,2.33,5.25,4.56,4.55
P507	3.64,7.73,3.05,2.16,7.75,2.92,1.94,9.52,9.2,2.15
P508	7.66,3.09,6.45,5.58,9.65,4.06,8.13,7.03,0.34,5.98
P509	2.83,7.75,1.01,3.93,7.45,3.07,8.45,1.84,0.93,9.47
P510	9.88,0.52,6.33,9.68,5.69,5.49,4.74,9.63,0.59,2.6
P511	8.28,4.48,3.52,9.34,8.16,0.56,6.2,1.7,6.13,5.97
P512	8.02,9.26,3.79,5.94,2.38,6.49,5.22,7.75,5.85,4.26
P513	2.5,6.5,6.9,3.64,2.79,5.04,5.33,3.65,7.86,0.7
P514	7.04,5.45,4.19,6.88,1.38,8.37,2.26,9.87,9.82,7.08
P515	8.71,9.78,5.44,5.28,3.97,9.98,2.47,8.26,0.83,1.16
P516	3.89,5.86,6.92,4.49,2.93,7.52,4.58,3.45,1.31,3.41
P517	7.43,5.42,2.92,8.9,1.79,2.04,6.96,4.99,4.61,2.27
P518	8.23,3.89,7.02,3.08,5.89,7.19,3.8,0.68,3.91,3.91
P519	4.91,9.28,8.02,7.15,4.67,5.61,3.94,0.84,7.66,4.62
P520	1.59,2.75,8.4,5.95,8.0,5.92,3.45,1.33,9.45,8.34
P521	0.48,0.24,0.05,9.71,8.62,4.83,9.31,5.22,8.64,5.47
P522	6.3,8.25,9.16,5.05,1.76,7.94,7.47,3.62,2.18,3.11
P523	9.53,4.95,1.98,0.67,4.02,2.99,0.94,5.67,9.35,9.54
P524	3.85,9.95,1.31,3.82,8.7,8.1,0.89,1.14,7.75,2.8
P525	8.74,0.35,3.2,6.37,2.92,9.39,5.31,1.58,1.34,3.9
P526	6.3,3.05,8.93,6.62,7.72,9.66,2.12,3.95,2.57,9.89
P527	0.25,2.07,5.81,4.21,4.13,6.86,8.75,3.12,6.94,0.65
P528	3.26,5.17,1.67,4.31,1.62,6.39,2.18,4.66,6.57,1.76
P529	2.27,6.0,4.04,9.37,7.96,9.21,7.81,0.53,3.79,3.62
P530	1.61,1.88,2.76,4.75,8.88,1.41,3.36,5.86,4.83,6.49
P531	4.03,2.43,8.39,0.56,7.32,6.26,4.05,4.67,1.13,0.68
P532	4.72,1.75,4.2,8.68,7.26,4.18,6.75,3.82,1.57,9.85
P533	4.61,7.37,2.94,7.95,7.16,5.99,4.4,3.25,5.16,1.26
P534	2.98,7.13,4.45,6.25,9.08,3.84,5.4,4.43,2.95,3.46
P535	6.19,3.16,6.31,6.19,9.73,7.48,9.64,8.71,0.62,9.66
P536	7.92,9.8,8.37,6.79,8.34,1.36,7.64,1.58,3.74,0.89
P537	4.31,1.21,4.56,3.22,8.95,5.55,0.13,2.63,5.36,8.31
P538	7.74,1.17,2.55,4.76,3.77,5.37,3.15,4.77,6.8,1.76
P539	9.73,3.2,7.02,0.61,3.3,7.89,9.75,8.83,5.12,1.88
P540	3.19,5.41,3.52,7.91,2.57,6.82,2.67,2.71,3.12,5.96
P541	8.87,3.1,4.33,5.02,3.16,8.5,6.54,1.94,6.04,2.27
P542	8.88,0.42,1.25,9.73,4.49,5.39,0.78,1.76,5.04,9.42
P543	2.51,1.59,1.21,0.86,5.28,6.38,0.58,0.93,3.48,6.97
P544	6.86,5.41,4.82,6.57,7.09,6.29,0.34,3.8,4.58,0.23
P545	5.41,6.13,5.71,3.49,4.03,7.5,8.08,7.6,6.56,7.73
P546	6.21,6.04,2.5,1.97,8.28,9.8,6.22,5.77,4.11,9.08
P547	2.96,4.77,0.33,8.75,6.77,8.55,3.36,8.01,9.74,4.95
P548	4.46,8.01,4.21,4.44,4.43,7.24,5.72,4.36,6.84,0.88
P549	4.5,9.09,0.2,9.37,7.86,5.59,9.2,1.27,3.95,3.16
P550	4.45,7.38,9.76,2.59,8.13,6.1,2.91,2.81,0.47,5.14
P551	6.91,2.1,7.92,0.74,4.54,7.34,9.62,3.78,2.46,6.8
P552	2.88,1.46,2.76,1.21,2.11,4.34,4.19,3.55,7.92,1.35
P553	6.4,9.85,5.08,9.15,5.55,2.37,8.38,8.54,8.56,1.5
P554	5.24,7.31,6.33,4.72,2.93,8.35,3.13,9.51,5.89,1.9
P555	1.01,1.62,5.48,3.07,2.54,2.25,0.95,9.09,5.22,5.2
P556	4.83,6.13,3.67,0.17,0.57,1.96,3.37,9.31,3.2,9.29
P557	1.12,2.08,5.94,4.02,2.94,7.64,7.28,4.5,9.54,5.24
P558	3.06,0.35,3.45,0.03,7.82,4.31,9.3,6.32,7.92,6.4
P559	0.61,0.43,6.6,7.28,2.39,2.77,7.89,7.23,8.6,2.26
P560	1.63,7.31,7.54,6.72,6.86,2.32,6.18,9.48,4.59,8.36
P561	6.66,5.99,3.76,3.72,4.32,4.24,6.17,8.57,6.49,9.15
P562	7.11,7.64,6.2,4.37,8.47,0.05,2.52,4.42,0.35,2.28
P563	2.34,6.58,5.09,3.48,4.3,4.27,5.25,7.04,6.5,3.67
P564	2.92,8.87,3.89,0.43,3.55,0.74,0.23,6.6,1.57,6.37
P565	1.74,6.29,8.83,9.26,6.82,4.61,9.11,3.74,6.76,6.33
P566	3.92,4.97,7.31,9.49,5.29,9.24,9.88,4.63,0.87,3.47
P567	4.41,1.93,5.85,1.5,2.67,6.98,3.56,5.14,2.11,1.17
P568	4.01,0.33,5.6,3.73,5.27,1.73,1.56,0.99,7.85,4.81
P569	2.35,2.9,6.17,0.71,6.26,7.95,4.67,7.69,9.71,5.7
P570	7.95,2.62,2.04,0.24,5.97,7.52,4.62,8.88,5.61,8.94
P571	9.79,7.9,9.14,2.49,2.78,1.14,8.84,0.98,1.56,7.79
P572	4.59,2.31,5.43,3.08,7.61,2.11,2.91,9.02,9.39,7.3
P573	3.68,2.81,9.71,8.84,7.11,7.36,1.03,5.8,2.11,1.71
P574	9.87,8.32,9.2,9.17,7.45,4.23,5.83,7.48,2.84,2.38
P575	0.29,8.46,2.05,5.96,7.86,4.11,5.54,0.98,5.3,2.7
P576	4.71,7.98,6.08,0.63,5.39,0.11,9.53,5.78,2.44,7.01
P577	1.37,3.46,4.91,1.9,2.0,8.93,5.96,8.7,1.39,9.24
P578	4.78,7.16,6.32,2.9,0.62,6.61,6.64,7.86,0.49,2.99
P579	1.77,7.29,2.94,9.8,8.08,7.6,9.71,0.68,0.37,5.23
P580	6.37,0.46,8.07,7.08,0.4,1.64,7.78,4.32,2.41,5.63
P581	8.9,1.06,2.1,1.41,8.64,7.18,5.63,9.32,5.66,9.62
P582	5.07,4.69,9.3,7.3,3.91,4.05,2.7,2.85,4.87,6.33
P583	3.45,8.66,7.31,3.33,5.44,5.51,2.23,6.1,8.66,9.78
P584	1.95,8.82,1.83,8.91,0.43,7.5,4.4,5.75,7.24,8.82
P585	0.11,9.39,5.31,3.14,4.47,3.75,7.89,6.95,2.27,5.64
P586	5.1,2.01,9.34,0.71,4.13,2.42,4.84,9.26,0.07,6.32
P587	6.5,3.65,6.32,5.93,1.39,5.8,4.31,8.05,9.22,6.2
P588	2.66,7.58,3.31,5.68,4.59,7.93,6.83,7.07,1.02,5.76
P589	8.43,7.26,3.61,2.12,1.91,8.75,8.61,8.47,8.89,6.43
P590	7.59,4.14,2.54,7.28,5.55,0.97,2.74,9.91,0.51,2.38
P591	9.97,6.51,1.05,6.28,6.05,1.8,0.01,5.82,4.83,2.45
P592	3.28,7.43,4.58,5.46,2.14,3.14,7.34,6.28,6.59,2.88
P593	7.0,5.26,5.02,2.98,9.55,6.66,2.15,9.13,3.75,5.31
P594	3.72,5.47,0.03,4.74,0.77,6.87,8.43,4.7,1.22,7.79
P595	4.22,7.68,8.88,9.74,0.84,1.39,2.89,8.91,5.68,8.99
P596	1.44,7.0,3.55,9.2,4.3,1.26,6.49,6.49,7.81,4.18
P597	6.19,5.08,4.82,9.41,7.12,1.31,9.25,8.04,4.23,6.23
P598	1.86,8.61,8.98,3.56,9.26,4.94,1.54,9.02,3.12,8.28
P599	4.87,3.22,0.2,3.9,8.43,4.44,6.71,8.16,5.68,6.87
P600	2.54,8.4,9.43,7.03,1.65,7.36,3.54,3.73,5.26,3.29
P601	7.72,6.92,3.39,8.95,4.68,6.73,8.46,5.91,5.19,7.02
P602	2.06,5.31,7.27,6.94,2.07,2.62,0.14,9.96,3.01,1.96
P603	2.45,2.31,6.44,4.91,6.73,1.85,2.23,0.0,8.97,3.82
P604	3.73,1.41,3.05,2.34,1.48,9.94,4.45,5.01,1.14,4.78
P605	6.94,3.26,0.47,2.04,8.69,3.26,9.56,4.96,1.41,0.11
P606	6.01,0.91,7.3,3.43,3.8,2.64,3.88,3.78,0.56,4.49
P607	5.76,7.43,3.09,9.51,6.05,1.87,4.92,0.25,7.32,5.31
P608	2.95,4.08,3.55,1.67,2.62,3.63,9.96,6.37,1.98,4.71
P609	7.27,9.6,5.78,6.5,0.55,1.02,9.87,3.65,0.48,3.82
P610	4.81,5.92,6.68,6.75,5.08,8.53,8.6,9.95,6.93,5.69
P611	9.19,3.96,3.5,0.38,0.88,1.7,0.8,6.08,0.91,0.07
P612	1.55,9.48,5.68,1.09,7.2,9.36,9.52,2.66,10.0,3.06
P613	3.63,5.34,8.12,1.27,5.26,4.95,7.04,1.29,5.48,9.98
P614	9.1,1.24,6.21,9.59,1.8,0.47,3.83,0.24,2.3,6.45
P615	6.92,8.76,1.94,4.91,0.57,5.26,0.15,7.51,8.16,1.83
P616	1.33,1.45,4.17,2.33,1.83,5.86,8.52,3.49,6.72,2.95
P617	3.71,0.53,7.73,5.71,0.69,8.45,4.2,9.92,8.85,5.99
P618	8.95,5.58,7.99,0.89,9.34,1.46,7.5,3.28,2.08,7.27
P619	9.23,9.57,7.03,9.71,5.38,0.0,1.25,2.31,2.3,1.82
P620	9.66,4.09,4.38,4.18,2.72,8.73,9.49,2.33,4.82,4.31
P621	8.87,6.5,9.1,3.23,0.22,4.95,6.04,3.67,1.7,1.95
P622	3.18,6.52,8.95,8.5,2.9,6.49,4.21,8.01,3.88,2.0
P623	8.97,9.62,8.92,6.17,7.03,8.79,8.97,0.42,4.96,8.88
P624	8.48,2.82,0.8,7.45,2.09,5.87,9.87,8.01,6.48,1.96
P625	8.7,1.2,3.99,0.6,4.15,9.5,6.67,8.05,5.03,6.12
P626	0.2,8.99,7.82,1.56,7.43,9.59,6.47,1.36,0.19,3.38
P627	8.35,4.49,6.18,4.4,5.48,4.71,5.34,6.8,9.9,6.64
P628	5.81,6.83,7.42,4.11,5.53,0.55,1.95,0.81,9.57,0.67
P629	5.77,2.35,6.88,6.55,7.75,4.49,2.84,4.19,2.1,4.26
P630	5.35,7.35,5.68,9.64,3.0,6.37,0.16,8.65,3.75,8.95
P631	8.99,0.42,0.96,5.72,5.76,9.55,1.93,4.05,1.89,9.63
P632	0.63,5.54,6.75,3.7,2.59,6.02,2.58,7.23,4.78,2.28
P633	9.84,4.05,7.51,6.24,6.19,6.78,8.55,5.63,3.49,1.15
P634	1.77,9.99,3.07,7.95,4.22,2.17,8.69,7.12,5.54,8.65
P635	0.61,6.22,3.29,6.15,1.81,9.26,6.18,8.35,8.87,2.77
P636	4.68,4.13,6.39,2.81,5.24,7.72,3.21,0.65,9.92,2.25
P637	2.96,4.97,7.88,0.09,9.37,5.3,9.27,7.69,8.85,4.8
P638	4.57,7.67,9.02,0.55,4.64,8.18,2.07,5.95,7.5,8.0
P639	6.15,3.02,8.12,6.01,6.1,1.89,6.44,5.32,7.6,1.19
P640	7.1,5.61,4.88,5.7,1.58,2.12,2.94,7.03,9.78,5.96
P641	9.67,8.92,3.24,8.48,1.9,1.37,7.08,1.89,2.15,6.64
P642	0.61,9.4,9.73,6.04,9.63,0.71,0.35,8.26,4.75,2.98
P643	3.64,8.88,0.94,3.1,6.85,6.17,2.94,4.36,5.68,9.64
P644	0.45,9.63,0.93,6.75,4.35,3.37,0.13,7.84,2.5,7.05
P645	8.89,0.84,9.53,5.96,6.0,5.78,9.98,0.56,9.35,3.25
P646	8.46,2.16,7.47,2.61,3.58,1.18,2.74,3.39,4.52,5.66
P647	7.87,7.58,0.59,9.56,6.86,1.54,4.46,2.85,5.3,3.65
P648	9.03,0.26,2.57,7.91,6.53,1.45,0.18,4.33,6.02,2.91
P649	6.52,3.91,1.8,1.4,7.93,0.0,1.39,9.09,0.17,7.95
P650	5.95,3.2,2.25,1.75,0.17,6.61,6.77,0.07,1.5,1.5
P651	6.9,3.61,0.14,4.93,0.6,2.67,2.85,3.99,6.6,6.61
P652	3.0,8.19,5.31,6.76,8.91,8.39,0.04,0.34,0.41,4.97
P653	0.44,5.96,0.88,2.68,0.48,0.44,8.41,5.93,8.09,2.68
P654	4.88,6.3,1.94,2.79,6.41,3.58,3.8,3.62,1.93,2.52
P655	1.52,7.67,9.35,0.43,8.55,4.11,0.16,4.59,0.87,9.86
P656	4.28,4.49,1.04,3.48,6.54,1.0,2.22,2.86,4.81,3.65
P657	2.03,5.86,8.15,7.45,7.15,8.09,9.67,2.82,5.09,3.61
P658	5.24,5.73,8.41,2.38,4.03,0.23,0.34,2.88,1.02,2.28
P659	7.96,9.68,4.7,2.01,0.6,3.44,5.65,1.51,6.66,5.12
P660	2.73,6.24,1.62,7.26,4.09,1.68,3.6,2.39,9.71,0.67
P661	0.68,2.99,0.44,3.52,5.67,7.69,6.34,0.33,0.3,5.84
P662	3.51,4.12,0.22,6.1,4.36,4.22,6.37,5.03,1.03,1.65
P663	6.53,8.69,5.46,2.22,2.34,3.25,2.36,8.15,3.91,1.15
P664	3.47,6.5,3.84,5.3,2.2,0.96,7.0,7.35,8.21,3.6
P665	0.53,5.48,9.98,5.3,1.35,3.49,2.35,6.25,4.21,5.69
P666	2.5,3.23,4.66,1.4,4.79,6.43,5.19,8.98,9.64,6.68
P667	1.83,1.51,6.71,3.42,1.12,5.46,5.43,4.75,4.12,9.16
P668	9.02,3.56,4.87,0.25,9.56,8.04,5.73,9.68,2.16,0.39
P669	1.0,5.47,6.48,5.09,3.01,0.95,2.04,6.82,2.33,0.92
P670	2.21,8.67,4.47,3.92,8.24,3.13,1.01,0.4,1.01,2.16
P671	2.09,4.69,2.96,7.41,0.76,3.38,6.98,8.72,6.86,3.76
P672	2.07,7.15,9.67,3.99,7.9,8.3,4.17,0.86,1.69,3.71
P673	5.11,1.9,1.12,0.38,6.94,6.22,6.55,3.37,5.23,2.28
P674	4.07,2.52,7.07,1.55,8.78,1.52,3.65,4.21,4.02,7.45
P675	8.23,6.49,8.11,8.93,6.66,9.85,4.77,3.9,5.44,8.98
P676	7.36,1.56,4.73,8.68,9.82,8.78,9.48,0.3,9.06,7.78
P677	2.43,4.12,4.73,1.11,6.62,8.07,2.13,9.49,3.75,1.94
P678	3.31,0.14,6.76,3.13,9.49,6.2,1.87,2.57,5.13,3.06
P679	5.34,8.46,0.44,3.22,5.28,1.99,4.23,9.87,7.14,1.15
P680	3.77,8.27,4.37,8.04,1.37,5.67,2.47,0.6,0.4,2.64
P681	5.44,1.93,4.76,3.08,8.68,8.85,6.55,6.08,1.14,6.99
P682	6.62,9.83,2.63,1.27,1.13,6.72,9.39,9.06,5.45,9.51
P683	1.95,8.54,3.46,9.97,4.72,5.84,6.34,5.37,5.81,3.2
P684	0.0,3.01,9.1,4.57,4.4,0.03,7.97,6.52,1.2,3.54
P685	1.23,0.21,8.41,6.31,7.87,4.12,2.01,4.51,6.27,8.7
P686	4.81,6.76,7.56,1.07,2.38,8.59,0.21,2.26,4.26,2.18
P687	5.06,9.89,6.19,8.92,5.46,6.47,5.79,1.81,7.22,7.14
P688	9.83,4.99,7.27,1.0,5.73,0.39,7.44,7.02,4.09,5.27
P689	2.37,8.82,1.55,9.7,6.38,2.82,5.46,0.31,4.36,0.61
P690	2.75,4.91,6.2,9.39,5.38,2.96,2.42,4.35,3.87,8.36
P691	1.11,2.64,8.79,4.47,2.76,1.76,6.89,5.92,0.06,4.23
P692	5.41,8.14,4.41,6.5,2.92,3.77,9.3,2.45,9.95,4.18
P693	3.75,0.95,5.67,5.65,5.48,2.37,9.97,2.51,4.44,1.29
P694	1.37,3.31,2.26,1.29,2.32,2.27,2.02,2.88,2.75,5.42
P695	5.87,7.74,2.04,9.5,5.02,0.54,6.83,2.59,7.78,4.81
P696	9.67,6.99,6.7,0.77,8.89,8.68,4.77,1.15,5.64,2.78
P697	4.34,5.57,7.64,1.09,9.64,5.55,2.96,6.07,5.16,9.74
P698	8.76,5.31,7.9,3.27,1.72,2.24,0.8,6.48,6.94,1.29
P699	8.54,5.03,1.64,0.72,4.48,8.16,8.55,1.97,9.28,1.96
P700	1.18,2.28,7.67,1.89,0.06,6.51,9.51,2.42,4.53,4.57
P701	5.57,2.06,9.42,3.6,6.15,8.76,9.88,7.53,2.97,4.19
P702	0.31,2.35,0.73,5.18,5.31,2.38,5.06,7.47,1.77,1.11
P703	7.93,9.7,0.8,0.89,9.57,5.28,7.93,6.8,8.81,6.29
P704	7.54,3.69,9.85,5.87,5.31,0.09,4.09,5.34,8.21,9.07
P705	0.42,7.88,7.54,3.93,5.55,3.34,4.26,6.39,9.33,7.53
P706	9.95,5.78,6.02,5.11,8.94,0.35,4.07,7.29,8.79,6.24
P707	1.07,4.33,7.15,5.12,0.33,7.95,2.57,9.08,7.74,0.83
P708	5.73,9.89,5.3,8.68,5.38,0.67,8.46,5.24,0.33,9.55
P709	9.79,2.26,4.51,8.71,0.64,4.57,7.59,7.27,5.99,4.87
P710	7.37,3.19,4.82,4.35,3.59,7.57,0.02,2.68,4.95,4.57
P711	7.14,5.72,2.34,1.58,1.16,9.67,1.85,7.07,3.79,8.33
P712	0.36,8.35,1.81,3.89,5.11,7.12,8.32,2.31,6.1,8.68
P713	5.24,1.63,6.9,9.73,4.5,5.12,5.11,0.31,0.07,1.54
P714	8.25,7.98,0.44,1.66,4.92,6.08,3.5,3.43,3.88,3.29
P715	1.93,8.45,5.39,8.91,7.32,8.63,0.45,6.66,5.44,5.16
P716	3.49,0.01,3.69,1.64,3.04,3.69,3.84,9.29,3.43,9.39
P717	9.75,5.01,7.34,8.35,0.4,2.45,5.86,9.96,2.9,2.1
P718	7.44,3.47,8.97,8.89,2.29,9.35,1.05,4.81,1.49,7.92
P719	0.91,9.75,3.29,5.63,4.53,5.74,0.23,3.23,1.82,8.71
P720	1.64,6.23,8.91,6.95,5.71,5.02,3.43,7.5,4.13,1.16
P721	0.59,9.92,0.16,6.6,8.85,2.01,8.01,4.69,9.24,3.59
P722	7.2,5.32,1.53,2.28,0.81,1.86,4.07,0.32,0.55,3.98
P723	1.05,2.3,4.7,8.81,3.0,1.61,7.41,2.87,1.14,7.88
P724	8.86,8.25,6.57,8.28,6.44,9.81,8.06,3.4,6.22,4.25
P725	0.86,2.13,2.83,8.61,9.72,0.76,3.01,2.5,6.12,8.66
P726	5.15,8.53,8.67,6.42,2.33,5.26,0.44,2.97,1.56,0.0
P727	4.36,4.71,5.39,2.25,0.18,3.27,5.12,4.19,2.76,8.41
P728	6.56,1.55,1.33,9.23,0.66,6.81,3.83,9.74,0.76,6.83
P729	8.83,4.69,8.07,8.6,9.76,7.74,4.46,0.06,2.72,6.72
P730	9.39,7.97,9.64,0.25,3.84,0.85,3.21,5.72,9.55,3.2
P731	8.45,1.33,6.27,6.65,8.78,3.55,3.24,4.66,0.92,7.5
P732	3.69,0.14,4.05,9.28,2.67,9.55,3.28,8.56,9.2,2.63
P733	6.75,4.65,3.73,4.45,8.36,1.29,0.18,5.17,5.5,3.78
P734	0.29,3.4,2.12,6.97,4.39,1.13,2.68,4.27,9.14,1.59
P735	2.03,5.88,7.5,6.73,9.12,9.09,0.44,7.48,0.43,4.72
P736	3.24,8.49,9.91,1.58,0.97,8.47,8.19,5.22,9.77,9.08
P737	3.03,7.93,0.15,7.84,6.92,4.78,8.49,5.39,5.17,4.22
P738	1.23,3.16,9.99,2.42,3.74,5.45,1.3,7.82,2.46,8.86
P739	5.59,5.93,4.79,2.94,7.49,4.83,5.62,8.12,7.16,8.46
P740	3.47,0.92,8.52,8.53,1.9,1.88,9.31,5.46,3.82,8.62
P741	4.69,5.63,7.4,5.02,9.66,5.17,2.18,7.71,4.54,0.02
P742	3.19,2.52,9.73,8.65,9.05,7.14,2.66,6.05,7.26,0.73
P743	0.2,7.47,6.15,7.8,4.49,5.91,8.33,1.51,8.74,0.05
P744	5.01,1.13,2.26,8.25,3.82,9.37,0.78,9.88,5.6,7.99
P745	8.87,7.43,6.92,4.3,6.3,1.44,6.14,6.79,8.96,5.74
P746	0.1,5.59,8.13,2.24,7.79,2.32,8.93,2.89,4.92,4.18
P747	9.77,1.6,0.26,9.3,0.16,0.02,0.7,3.9,3.16,9.75
P748	7.07,6.87,2.22,7.7,6.62,4.12,9.64,2.82,1.53,3.27
P749	5.24,0.12,4.92,9.17,9.25,2.24,7.05,1.91,3.32,9.82
P750	4.97,2.15,6.75,9.2,8.04,2.93,3.2,0.28,0.54,3.27
P751	4.57,7.68,9.83,6.53,4.79,5.77,5.28,5.51,5.91,1.65
P752	8.96,7.28,3.15,0.55,3.61,2.81,3.33,4.97,7.31,0.53
P753	3.29,2.14,7.16,8.29,0.99,4.67,6.25,5.14,2.37,5.43
P754	8.88,3.04,0.94,0.99,9.55,8.79,5.89,7.6,9.85,7.78
P755	6.47,9.95,5.93,4.98,7.12,5.5,6.18,2.9,8.16,6.89
P756	5.23,2.97,1.64,0.43,5.79,4.44,0.4,1.61,3.96,4.78
P757	1.13,7.09,7.55,6.15,9.16,8.65,9.16,5.61,3.25,6.53
P758	7.59,0.5,3.82,8.31,1.61,6.63,6.81,4.92,0.22,3.66
P759	8.58,6.92,1.86,1.61,4.02,2.97,3.29,2.21,1.64,7.05
P760	5.53,1.31,4.1,2.79,0.41,1.85,2.41,1.06,6.2,2.1
P761	4.93,2.03,4.92,0.66,9.96,3.74,7.25,7.73,2.09,7.2
P762	2.94,2.24,8.02,2.46,6.15,5.69,6.97,0.76,5.43,6.33
P763	4.8,5.54,7.37,2.2,8.27,9.11,1.65,7.16,7.89,2.21
P764	2.57,2.08,3.61,1.03,8.85,2.2,7.35,9.99,9.19,2.67
P765	0.51,8.57,5.66,6.53,2.52,7.83,1.05,3.09,8.52,5.1
P766	8.91,0.49,0.56,5.78,7.07,2.8,6.74,7.43,6.46,0.85
P767	7.12,4.49,6.88,6.05,3.46,1.7,0.81,8.11,2.29,0.46
P768	4.23,0.9,7.28,5.05,0.8,5.28,7.29,5.28,2.05,4.57
P769	1.32,7.62,1.49,5.65,9.82,9.71,5.16,8.78,4.93,2.02
P770	4.39,9.87,8.72,5.89,9.3,1.72,9.48,9.77,3.06,5.03
P771	0.84,3.55,7.62,5.5,7.71,6.85,1.42,0.87,5.71,8.47
P772	8.28,0.55,8.2,2.82,4.64,0.85,5.89,4.14,9.2,0.96
P773	9.31,0.74,4.97,8.29,3.72,9.75,8.78,7.05,9.36,7.29
P774	7.52,0.28,7.22,0.5,3.46,4.39,2.23,5.3,3.16,4.47
P775	0.87,8.46,6.02,0.4,0.27,3.15,8.62,6.61,9.13,4.84
P776	0.58,2.74,8.62,8.26,6.1,8.82,3.31,6.97,2.97,5.74
P777	7.79,3.98,7.23,1.48,4.71,5.77,7.67,3.94,3.81,2.28
P778	8.79,3.76,9.62,2.19,4.82,4.17,7.54,6.54,0.16,0.68
P779	4.1,3.18,3.61,0.02,7.56,1.66,4.7,6.68,9.12,0.77
P780	0.46,5.26,3.36,0.98,0.14,8.62,9.08,9.92,3.42,5.14
P781	7.97,2.14,5.22,3.15,9.1,3.49,6.05,6.88,1.98,6.43
P782	2.55,6.42,9.24,5.22,7.28,3.52,3.07,8.66,9.99,6.13
P783	6.04,3.95,5.63,7.38,7.85,7.19,5.52,8.64,4.48,4.91
P784	9.05,2.2,5.22,6.14,2.95,6.45,5.76,6.52,3.91,5.27
P785	3.16,4.36,8.28,3.62,9.03,3.33,9.42,3.73,3.01,8.27
P786	9.27,9.35,7.48,8.56,5.95,1.15,8.1,8.05,2.88,2.51
P787	1.86,2.04,8.55,3.72,6.05,9.33,8.12,2.13,6.9,1.82
P788	9.09,7.11,6.3,4.99,4.18,1.83,8.62,0.29,3.39,8.28
P789	7.36,3.97,6.15,7.99,3.14,8.2,1.81,8.47,0.39,6.82
P790	3.26,4.79,9.88,2.24,4.46,6.35,8.41,0.03,6.98,0.97
P791	4.7,4.71,4.75,2.91,2.89,3.66,9.01,6.16,1.01,5.92
P792	7.28,1.86,2.0,9.37,1.3,7.03,9.32,2.71,8.79,2.04
P793	7.21,8.41,3.18,5.77,8.3,8.97,3.33,0.88,7.65,1.69
P794	2.93,6.28,2.77,6.37,5.14,0.23,3.81,6.42,3.63,5.68
P795	6.7,6.17,5.58,8.56,4.88,6.4,5.68,1.3,1.68,5.45
P796	2.56,5.96,6.66,5.68,0.99,5.96,3.9,3.6,3.64,0.95
P797	9.02,7.4,5.98,6.63,5.16,7.27,6.62,0.43,4.85,2.6
P798	3.59,4.16,5.87,4.75,3.4,6.8,4.79,5.99,6.36,4.39
P799	0.54,3.0,6.09,8.67,4.31,8.2,5.74,3.26,8.89,3.21
P800	6.29,4.13,2.6,6.71,4.78,1.03,7.91,3.17,1.28,7.94
P801	4.89,9.87,4.29,3.47,2.99,7.24,3.13,6.73,2.5,1.22
P802	4.71,0.16,8.67,7.42,9.56,8.53,7.48,3.6,8.57,2.47
P803	1.83,1.02,7.48,5.59,0.84,5.15,1.1,6.64,3.06,3.59
P804	2.93,2.02,6.44,1.76,8.59,9.4,4.04,7.69,3.63,0.1
P805	4.59,3.02,7.15,6.63,1.54,0.96,2.61,1.79,2.15,1.33
P806	6.59,7.42,1.0,9.18,4.16,4.26,8.45,6.09,6.86,8.97
P807	5.21,2.83,5.74,1.05,8.78,7.71,6.93,9.96,6.1,7.73
P808	1.96,2.66,9.57,8.31,8.46,2.5,0.13,3.32,9.17,3.13
P809	2.27,8.96,9.24,5.52,0.35,4.2,2.0,1.44,4.95,5.19
P810	3.61,4.62,0.56,3.43,5.26,9.27,3.5,5.63,9.96,6.21
P811	9.57,8.19,7.51,9.05,6.65,0.72,7.47,6.03,6.21,1.38
P812	4.8,8.68,1.62,1.02,7.16,4.84,7.89,4.78,5.82,1.96
P813	9.56,7.31,4.53,6.44,8.4,2.17,1.99,6.07,2.64,6.98
P814	3.69,5.65,2.81,3.21,8.74,0.2,6.97,3.72,5.34,6.57
P815	0.13,1.44,6.47,1.53,8.15,0.24,3.62,3.72,6.6,2.16
P816	2.5,7.82,8.74,5.96,8.96,1.23,5.17,8.55,7.45,7.75
P817	9.28,4.24,7.08,7.97,9.25,6.87,2.33,3.21,7.28,6.31
P818	6.33,8.49,1.06,3.95,4.89,9.74,0.84,1.41,8.33,2.81
P819	7.81,2.99,6.47,4.33,6.12,5.2,9.37,0.01,1.02,5.78
P820	2.75,1.79,0.63,1.04,2.21,3.43,7.14,2.24,4.9,3.77
P821	6.22,1.21,0.99,7.59,9.86,0.74,9.33,6.89,9.0,7.61
P822	3.86,9.69,7.18,4.72,7.58,8.77,4.99,4.05,0.86,0.66
P823	8.79,4.24,9.65,3.58,3.59,4.66,6.85,3.68,1.62,3.08
P824	7.2,1.02,2.98,5.52,1.99,0.12,4.25,4.77,4.93,5.06
P825	4.2,9.09,4.5,5.9,3.03,3.41,1.61,1.49,3.26,3.47
P826	3.2,3.15,5.57,7.53,4.12,5.77,2.93,1.09,9.65,5.08
P827	9.43,7.87,0.76,4.96,8.54,3.87,2.33,4.22,6.7,2.36
P828	2.5,0.35,4.51,4.48,7.65,6.6,7.31,4.12,3.18,9.6
P829	0.93,5.73,5.3,7.24,6.75,0.88,2.39,9.95,1.8,2.6
P830	7.72,4.56,6.06,6.47,7.12,6.33,9.42,4.15,6.06,3.83
P831	4.64,7.92,0.86,0.94,1.45,4.67,7.66,2.53,8.94,3.79
P832	1.17,3.1,0.06,6.34,2.22,2.69,2.51,2.19,9.56,0.98
P833	4.86,7.75,6.78,7.89,5.38,9.22,9.52,9.03,3.85,5.62
P834	1.62,5.19,3.27,1.21,1.63,7.55,9.24,9.06,2.26,4.73
P835	9.8,6.56,6.7,3.49,7.27,8.5,4.67,1.98,6.91,5.5
P836	0.62,3.73,3.9,3.97,3.77,0.57,1.84,8.53,7.04,4.97
P837	0.56,9.65,7.51,5.8,0.87,7.04,6.56,6.5,6.73,4.36
P838	1.42,1.51,3.06,1.66,3.53,4.95,8.67,0.01,1.02,5.46
P839	9.35,6.96,4.04,2.34,5.9,2.59,2.01,1.14,5.09,3.04
P840	1.36,1.51,9.91,2.82,0.58,5.85,6.52,7.54,7.35,5.22
P841	1.69,5.92,8.69,8.06,4.17,3.77,1.01,7.97,7.33,2.69
P842	1.78,9.14,8.69,3.36,7.8,2.01,3.62,6.42,8.79,7.0
P843	7.18,4.18,5.9,1.31,7.71,2.66,6.77,2.16,0.44,6.87
P844	7.95,0.23,7.67,1.49,5.12,8.59,4.17,5.85,9.57,5.51
P845	3.31,4.31,6.63,4.81,9.7,3.06,8.03,3.24,8.75,9.75
P846	5.49,2.76,2.19,5.3,7.52,4.76,1.34,5.8,4.38,4.69
P847	6.75,8.48,9.37,7.73,3.36,7.56,5.62,0.8,5.69,4.55
P848	8.55,1.59,6.05,3.0,3.92,2.8,2.16,9.51,9.96,8.65
P849	7.45,0.95,0.28,1.03,8.36,3.3,0.71,4.83,8.56,8.61
P850	9.78,5.44,8.74,4.83,7.01,6.53,4.42,8.12,7.85,3.07
P851	1.31,8.03,6.77,2.5,9.39,4.2,2.64,7.17,2.35,7.24
P852	1.61,2.17,8.45,7.46,3.15,5.81,2.82,2.71,4.31,4.52
P853	8.68,0.43,5.72,9.95,6.7,9.63,0.47,3.66,7.83,5.98
P854	3.58,3.96,4.46,6.36,5.37,0.39,9.05,0.07,6.96,3.41
P855	7.1,0.33,9.74,0.88,3.68,3.4,3.6,8.26,8.69,2.33
P856	0.64,6.68,6.28,9.21,2.04,1.23,8.13,2.59,5.86,2.3
P857	8.73,6.58,2.56,4.33,2.87,4.35,3.28,9.44,2.55,1.39
P858	3.21,8.65,0.31,3.41,8.51,9.23,1.35,9.59,0.76,5.09
P859	4.77,4.32,7.24,6.47,7.46,9.7,8.94,6.19,0.61,6.61
P860	0.63,2.36,9.77,4.23,8.93,1.91,4.45,6.9,5.18,4.51
P861	1.73,2.02,9.39,4.36,2.02,5.12,0.48,5.83,1.52,6.08
P862	5.98,9.32,7.67,5.81,1.02,6.23,8.55,4.11,2.71,4.66
P863	7.0,7.58,0.84,3.48,2.99,1.01,0.06,8.39,5.68,6.91
P864	1.93,2.24,7.7,5.82,7.16,1.57,9.89,4.15,0.19,2.71
P865	4.25,7.25,8.0,3.69,6.49,3.03,5.0,2.84,7.3,5.27
P866	4.02,0.79,3.28,6.59,1.03,0.52,4.08,7.97,7.96,8.97
P867	2.56,5.6,3.47,4.74,8.3,6.05,6.36,8.54,3.28,7.66
P868	0.24,7.09,0.14,9.31,0.56,6.41,9.97,7.93,7.45,7.65
P869	6.64,2.36,8.63,7.03,8.81,4.65,6.52,1.63,9.33,8.99
P870	3.14,4.49,4.0,5.39,4.32,5.72,8.11,7.31,2.01,1.02
P871	9.76,2.3,9.86,5.66,3.44,0.36,2.52,9.55,6.16,7.23
P872	3.61,8.88,0.9,9.03,0.68,0.58,9.13,9.92,8.19,8.71
P873	4.89,7.04,0.97,5.95,7.71,5.25,1.49,9.1,0.87,9.97
P874	3.8,4.9,4.13,7.73,5.94,1.32,7.69,2.96,0.51,9.85
P875	4.56,4.12,9.86,6.48,4.48,4.08,8.41,2.33,1.21,7.51
P876	9.83,0.48,8.66,3.01,0.59,1.65,8.66,8.58,4.92,0.21
P877	4.47,7.07,8.08,1.45,0.0,2.52,6.61,2.46,3.75,9.15
P878	4.03,2.03,0.79,2.3,0.42,9.52,3.15,4.66,2.43,8.36
P879	1.27,1.64,7.94,7.96,4.64,7.01,6.28,6.71,9.9,3.55
P880	0.4,9.38,8.46,3.78,2.41,5.02,3.76,2.74,7.32,4.74
P881	0.44,8.03,3.07,4.66,3.74,2.62,6.54,6.14,7.7,1.92
P882	6.47,3.82,5.04,0.41,4.07,2.51,9.73,2.13,1.3,5.2
P883	6.07,5.97,5.06,8.1,3.96,9.29,2.51,3.22,1.18,2.84
P884	9.4,5.34,7.62,5.79,8.29,8.46,5.23,2.19,8.19,5.88
P885	0.21,9.19,0.64,9.48,0.55,3.04,9.58,6.33,3.15,0.77
P886	4.33,4.71,9.23,4.65,5.26,7.69,6.15,1.24,1.79,9.66
P887	6.38,9.24,1.11,9.75,1.79,8.24,3.59,7.13,2.19,5.98
P888	8.25,4.58,2.71,2.68,7.14,0.59,3.42,9.61,3.01,5.49
P889	8.2,3.45,8.29,3.39,7.31,9.27,7.05,0.4,9.26,2.67
P890	3.34,9.13,3.41,6.22,1.19,1.0,4.16,5.91,1.26,0.71
P891	1.27,0.98,9.18,1.81,8.5,4.6,8.58,8.41,4.63,3.27
P892	9.86,5.45,6.68,0.07,1.76,9.61,5.01,0.72,9.12,3.07
P893	4.04,1.4,4.46,5.33,0.27,4.5,4.99,1.47,1.32,1.54
P894	9.62,1.36,6.06,2.72,2.23,0.75,5.76,8.88,8.68,4.11
P895	0.82,5.0,4.92,9.07,5.7,3.75,2.8,3.94,7.2,4.0
P896	8.21,3.3,7.71,2.01,3.59,1.04,5.41,2.14,2.95,7.12
P897	8.23,0.18,3.11,1.74,6.68,4.46,9.15,0.54,3.85,9.32
P898	5.53,5.28,7.05,0.85,7.08,7.11,7.0,7.09,5.4,3.81
P899	4.81,3.54,7.1,8.02,6.41,0.2,9.92,0.86,6.84,8.09
P900	1.74,4.3,3.9,1.71,4.96,5.82,2.01,8.78,6.32,1.23
P901	1.98,0.28,7.36,4.82,2.11,1.65,6.65,1.3,8.88,1.0
P902	8.31,0.57,3.3,1.08,4.97,4.72,0.25,9.77,5.3,6.4
P903	3.57,8.14,7.75,8.97,9.46,5.89,2.29,2.2,4.28,1.68
P904	1.49,1.14,0.49,9.84,0.77,2.45,6.28,5.28,5.16,9.79
P905	0.44,5.99,6.43,9.02,3.5,6.02,0.43,5.05,0.7,2.01
P906	8.77,3.96,9.71,3.42,3.23,8.5,8.73,9.9,3.73,9.95
P907	6.3,9.2,2.96,6.76,4.5,5.49,1.52,8.65,1.63,1.36
P908	7.69,5.23,8.5,5.95,4.67,9.59,5.07,8.31,6.88,0.94
P909	0.61,7.62,3.59,4.8,1.0,1.38,4.81,5.93,1.37,8.45
P910	9.59,6.95,1.03,6.51,1.24,5.15,0.17,2.27,7.73,1.1
P911	4.79,8.54,7.68,5.24,6.93,4.49,4.36,2.81,2.35,3.79
P912	0.51,3.27,6.63,1.18,6.69,7.76,3.78,9.29,4.56,6.73
P913	8.4,6.23,4.43,0.69,3.82,9.57,3.3,8.81,3.43,3.48
P914	5.67,3.64,2.24,4.22,4.24,5.47,8.48,3.68,2.1,6.47
P915	2.84,2.03,0.71,3.04,4.26,8.02,0.73,4.56,6.61,0.21
P916	3.58,8.07,0.38,3.03,2.22,1.63,7.02,9.2,9.19,3.11
P917	1.17,3.85,7.98,7.74,8.1,6.74,1.97,5.06,9.13,5.42
P918	1.14,5.16,8.06,6.75,3.0,4.96,5.24,3.66,8.56,7.41
P919	4.24,1.48,8.04,0.62,7.95,1.29,3.98,9.04,7.17,7.69
P920	1.26,6.15,5.0,5.2,4.47,6.45,4.39,0.18,3.26,4.73
P921	4.94,5.17,5.27,2.38,6.95,8.62,4.5,3.6,7.56,5.76
P922	0.23,9.29,4.17,5.73,7.77,2.74,4.92,6.08,7.86,9.27
P923	4.63,7.94,5.87,1.16,7.41,4.61,5.32,0.83,3.85,1.58
P924	3.13,7.24,1.42,8.3,5.19,5.09,1.83,0.66,1.85,2.08
P925	7.93,8.49,2.5,6.6,5.69,4.33,7.3,7.34,3.92,7.76
P926	1.83,6.64,5.74,5.05,7.55,1.4,0.57,5.1,6.87,8.95
P927	5.2,0.64,6.53,0.41,5.31,8.86,7.39,0.79,6.75,6.07
P928	1.64,3.16,6.76,9.53,0.85,4.42,1.38,3.38,9.45,1.08
P929	4.45,6.9,8.73,6.76,7.5,0.45,5.71,7.55,7.49,8.81
P930	9.85,7.29,0.9,2.0,8.15,2.7,9.0,0.89,5.51,7.12
P931	8.44,8.64,3.37,2.9,5.59,9.41,3.94,4.17,1.18,2.23
P932	1.36,6.17,3.47,1.94,3.98,2.33,4.73,8.47,3.8,7.59
P933	5.74,2.69,0.15,4.77,7.48,9.96,4.73,1.14,7.34,2.2
P934	4.23,3.96,9.69,5.57,4.89,6.82,7.1,3.5,0.69,3.82
P935	8.9,4.44,3.1,4.62,8.53,9.19,5.64,1.51,9.67,5.51
P936	1.02,9.23,3.72,6.63,2.03,9.11,8.31,5.71,9.91,1.91
P937	6.97,0.73,5.68,7.93,5.29,2.82,0.32,8.51,7.58,6.4
P938	9.69,0.62,1.26,1.27,8.67,5.02,3.36,5.35,7.07,8.71
P939	4.24,1.6,6.54,4.75,9.34,4.16,3.94,5.87,8.84,7.06
P940	1.49,3.35,8.2,3.25,8.23,9.58,0.41,3.03,0.5,0.8
P941	1.86,8.87,1.27,6.3,9.44,7.66,9.64,1.82,5.93,2.63
P942	2.05,7.95,4.58,4.54,6.11,8.43,1.26,5.63,6.71,9.86
P943	4.47,0.72,1.29,1.43,9.34,6.74,7.97,2.87,1.49,5.82
P944	5.93,9.41,0.84,7.26,1.97,4.73,3.07,0.73,1.17,7.06
P945	9.09,6.24,2.41,8.68,8.33,6.5,1.34,6.44,2.58,3.86
P946	4.35,9.11,0.73,6.97,7.44,7.83,3.53,2.18,2.51,7.3
P947	9.73,0.69,2.22,9.04,1.41,5.42,1.56,2.21,6.82,0.76
P948	0.56,4.67,3.62,4.45,8.16,4.11,4.18,3.15,1.31,9.2
P949	7.11,2.36,7.26,1.32,6.15,6.95,9.21,0.42,8.12,0.79
P950	7.39,2.51,6.89,2.36,8.0,2.06,8.96,9.15,2.51,0.08
P951	9.39,4.69,8.36,7.22,3.89,1.18,0.09,2.05,4.09,5.24
P952	6.82,6.32,8.05,5.93,8.0,2.8,7.49,2.39,4.32,6.3
P953	6.49,2.89,4.97,5.29,3.78,8.65,5.4,9.66,2.31,3.1
P954	2.05,9.99,5.04,2.06,1.91,5.19,5.88,0.97,4.94,8.21
P955	7.94,2.72,7.06,3.97,9.22,3.92,9.55,9.97,7.55,7.8
P956	8.72,7.29,2.4,9.2,5.76,9.24,1.15,0.82,2.94,5.46
P957	1.22,0.18,6.61,1.6,7.68,3.57,1.38,8.77,7.85,6.62
P958	2.99,2.05,0.68,1.38,8.76,4.74,8.8,5.83,6.06,3.26
P959	5.43,5.26,8.97,7.97,6.85,4.57,2.34,6.8,3.06,6.44
P960	1.03,1.66,6.32,3.55,8.84,2.76,7.32,1.98,8.4,2.07
P961	3.36,9.17,8.22,5.15,1.99,1.94,7.95,0.11,5.52,9.52
P962	6.09,3.6,9.36,1.64,7.0,6.2,7.4,4.36,5.73,3.84
P963	2.83,4.77,9.84,7.69,1.64,0.96,7.16,2.21,9.17,5.7
P964	7.06,9.93,6.94,0.47,0.89,1.95,8.42,1.64,4.1,5.26
P965	7.4,1.89,8.37,1.38,1.9,8.32,7.46,6.11,0.03,3.21
P966	4.24,6.74,1.43,4.6,9.8,1.35,9.51,1.73,7.67,4.82
P967	5.16,4.65,7.48,7.16,2.12,8.25,2.72,3.16,8.09,8.4
P968	6.82,6.51,2.99,2.03,0.05,7.87,7.83,3.45,7.51,3.65
P969	3.51,6.3,4.9,1.98,8.41,4.59,4.52,2.47,8.09,6.15
P970	8.75,9.28,7.93,8.88,1.94,0.35,2.08,3.63,4.49,1.55
P971	7.82,7.37,5.05,1.23,5.03,6.92,7.44,9.21,4.33,6.67
P972	9.13,4.59,6.18,3.21,7.26,8.21,5.27,6.19,6.2,9.02
P973	1.3,7.41,7.99,8.29,7.44,9.44,3.36,2.07,2.71,1.21
P974	6.16,0.3,2.78,0.12,8.77,0.16,6.74,9.57,9.3,2.85
P975	3.84,6.35,3.96,5.03,5.37,4.18,9.85,0.84,1.4,8.96
P976	3.62,5.77,1.3,6.02,1.73,1.27,9.91,1.95,6.42,7.73
P977	8.21,1.58,9.51,3.81,8.67,6.16,3.15,2.38,0.49,9.73
P978	2.54,6.49,9.3,9.33,0.61,4.45,9.21,8.93,8.99,9.11
P979	2.48,8.43,2.53,5.43,3.5,6.77,7.04,9.6,9.45,2.53
P980	1.1,4.75,9.22,6.4,3.27,1.06,6.38,7.14,5.28,2.65
P981	9.06,7.04,0.53,9.59,1.96,3.16,4.46,1.18,0.97,7.94
P982	0.21,5.66,1.37,6.48,8.63,2.3,3.97,8.07,6.23,4.26
P983	2.01,6.33,8.75,4.38,3.36,5.92,0.72,1.39,9.1,3.39
P984	3.32,1.33,9.32,6.71,3.8,7.24,1.62,0.82,9.97,0.48
P985	5.9,6.26,2.11,8.65,1.54,4.2,3.0,8.4,9.44,3.96
P986	3.87,6.11,1.96,8.49,0.65,5.98,8.37,9.07,9.88,2.89
P987	2.06,3.08,8.22,6.78,8.49,7.7,3.29,6.7,9.48,7.98
P988	5.51,4.98,0.62,9.81,2.74,6.3,3.0,7.22,10.0,2.13
P989	9.78,8.49,6.26,8.52,1.12,7.62,9.11,3.76,7.68,5.96
P990	6.04,3.19,4.62,3.79,7.9,0.21,2.82,3.38,6.18,6.29
P991	3.37,2.7,0.68,7.78,4.92,4.16,8.45,3.97,0.63,3.62
P992	7.77,9.39,2.96,2.66,3.46,2.64,0.29,1.82,0.96,6.04
P993	8.53,2.95,6.99,2.79,4.96,6.67,3.94,3.12,8.85,4.72
P994	4.03,6.89,5.54,7.71,6.11,7.88,6.12,5.88,5.34,3.78
P995	5.18,4.26,1.13,7.23,2.51,3.83,3.77,5.06,3.25,7.13
P996	3.7,7.05,2.55,0.23,0.56,0.93,7.22,3.02,0.77,7.16
P997	7.12,5.97,3.63,5.87,2.96,5.12,5.77,8.28,5.92,6.25
P998	3.04,6.65,6.62,5.64,7.03,0.01,7.51,7.65,0.75,8.04
P999	3.36,8.53,3.99,1.17,8.83,1.81,4.81,3.87,1.17,3.38
P1000	7.35,6.55,8.36,2.79,0.19,3.55,0.11,3.68,1.81,6.46
